Tid=meas,Lys=meas,Bryter=meas,GyroAngle=meas,PowerA=meas,PowerD=meas,Avstand=calc
start_tidspunkt=1586629887.51736,lys_initial=5
0,5,0,0,0,0,
0.1629159450531006,5,0,0,0,0,
0.2788429260253906,5,0,0,0,0,
0.4002220630645752,5,0,0,0,0,
0.5169899463653564,5,0,0,0,0,
0.6414611339569092,5,0,0,0,0,
0.7573621273040771,5,0,0,0,0,
0.8734071254730225,5,0,0,0,0,
0.9979350566864014,5,0,0,0,0,
1.116671085357666,5,0,0,0,0,
1.23088002204895,5,0,0,0,0,
1.349586009979248,5,0,0,0,0,
1.473933935165405,5,0,0,0,0,
1.58903694152832,5,0,0,0,0,
1.712597131729126,5,0,0,0,0,
1.829546928405762,5,0,0,0,0,
1.941906929016113,5,0,0,0,0,
2.055233955383301,5,0,0,0,0,
2.174220085144043,5,0,0,0,0,
2.28971004486084,5,0,0,0,0,
2.398260116577148,5,0,0,0,0,
2.516761064529419,5,0,0,0,0,
2.641818046569824,5,0,0,0,0,
2.770971059799194,5,0,0,0,0,
2.884257078170776,5,0,0,0,0,
3.01098895072937,5,0,0,0,0,
3.12480902671814,5,0,0,0,0,
3.236665010452271,5,0,0,0,0,
3.35788893699646,5,0,0,0,0,
3.480904102325439,5,0,0,0,0,
3.593792915344238,5,0,0,0,0,
3.725980043411255,5,0,0,0,0,
3.848931074142456,5,0,0,0,0,
3.979696989059448,5,0,0,0,0,
4.091787099838257,5,0,0,0,0,
4.216721057891846,5,0,0,0,0,
4.337826013565063,5,0,0,0,0,
4.454721927642822,5,0,0,0,0,
4.580697059631348,5,0,0,0,0,
4.71597695350647,5,0,1,0,0,
4.833369016647339,5,1,0,0,0,
4.960042953491211,5,1,-1,0,0,
5.091825008392334,5,1,-1,0,0,
5.220747947692871,5,0,2,0,0,
5.340013027191162,5,0,-1,0,0,
5.472993135452271,5,1,1,0,0,
5.589790105819702,5,1,-3,0,0,
5.718713998794556,5,1,-1,0,0,
5.852128028869629,5,1,1,0,0,
5.968194007873535,5,1,0,0,0,
6.087460041046143,5,1,-2,0,0,
6.22677206993103,5,1,-1,0,0,
6.352941989898682,5,1,-1,0,0,
6.481452941894531,5,1,0,0,0,
6.599621057510376,5,1,0,0,0,
6.717462062835693,5,0,-1,0,0,
6.854203939437866,5,0,-1,0,0,
6.976122140884399,5,0,-2,0,0,
7.103559970855713,5,1,-1,0,0,
7.22971510887146,5,1,-1,0,0,
7.359499931335449,5,1,-1,0,0,
7.486182928085327,5,0,-1,0,0,
7.613358974456787,5,0,-2,0,0,
7.732027053833008,5,1,-2,0,0,
7.870926141738892,5,1,-2,0,0,
8.002912044525146,5,1,-2,0,0,
8.124643087387085,5,0,-2,0,0,
8.25593900680542,5,0,-2,0,0,
8.374711990356445,5,1,-2,0,0,
8.518113136291504,5,1,-2,0,0,
8.657344102859497,5,1,-4,0,0,
8.79210901260376,5,0,-4,0,0,
8.941028118133545,5,0,-2,0,0,
9.083981037139893,5,1,-2,0,0,
9.230962991714478,5,1,-3,0,0,
9.367923974990845,5,0,-5,0,0,
9.51972508430481,5,0,-4,0,0,
9.651309967041016,5,1,-2,0,0,
9.816138982772827,5,1,-3,0,0,
9.9637770652771,5,1,-4,0,0,
10.10674095153809,5,1,-5,0,0,
10.24531292915344,5,1,-3,0,0,
10.37177801132202,5,1,-2,0,0,
10.49137711524963,5,1,-3,0,0,
10.62108612060547,5,1,-4,0,0,
10.73878407478333,5,1,-5,0,0,
10.85953497886658,5,0,-5,0,0,
10.98015213012695,5,0,-4,0,0,
11.11934208869934,5,1,-3,0,0,
11.23934292793274,5,1,-3,0,0,
11.36577010154724,5,1,-5,0,0,
11.48975992202759,5,0,-5,0,0,
11.60610914230347,5,1,-5,0,0,
11.73670291900635,5,1,-5,0,0,
11.86921501159668,5,1,-4,0,0,
11.99307203292847,5,0,-4,0,0,
12.11717391014099,5,0,-6,0,0,
12.24597096443176,5,0,-6,0,0,
12.37472701072693,5,0,-5,0,0,
12.49951410293579,5,1,-4,0,0,
12.6321120262146,5,1,-4,0,0,
12.74881100654602,5,1,-5,0,0,
12.88805508613587,5,1,-6,0,0,
13.01671409606934,5,1,-6,0,0,
13.13453602790833,5,1,-5,0,0,
13.25820112228394,5,1,-5,0,0,
13.38021898269653,5,1,-6,0,0,
13.50824809074402,5,0,-6,0,0,
13.63591814041138,5,0,-6,0,0,
13.75053405761719,5,0,-6,0,0,
13.88291907310486,5,0,-7,0,0,
14.00825595855713,5,0,-6,0,0,
14.13521599769592,5,1,-6,0,0,
14.2561731338501,5,1,-6,0,0,
14.37680101394653,5,1,-6,0,0,
14.49868702888489,5,1,-7,0,0,
14.63274812698364,5,1,-7,0,0,
14.75468897819519,5,1,-7,0,0,
14.89322900772095,5,0,-6,0,0,
15.02477312088013,5,0,-7,0,0,
15.14767909049988,5,1,-7,0,0,
15.26936006546021,5,1,-6,0,0,
15.3809859752655,5,1,-8,0,0,
15.51930809020996,5,1,-8,0,0,
15.66913795471192,5,0,-7,0,0,
15.8121440410614,5,0,-6,0,0,
15.94949793815613,5,1,-6,0,0,
16.08804297447205,5,1,-8,0,0,
16.23608803749085,5,0,-8,0,0,
16.40210700035095,5,0,-8,0,0,
16.5666139125824,5,1,-7,0,0,
16.71713495254517,5,1,-8,0,0,
16.84852910041809,5,0,-8,0,0,
17.02716398239136,5,0,-9,0,0,
17.17076992988587,5,1,-10,0,0,
17.31288814544678,5,1,-9,0,0,
17.43822813034058,5,0,-7,0,0,
17.56878805160523,5,1,-8,0,0,
17.68820810317993,5,0,-9,0,0,
17.81379795074463,5,1,-10,0,0,
17.9582679271698,5,0,-10,0,0,
18.07932305335999,5,1,-9,0,0,
18.19909405708313,5,1,-8,0,0,
18.3222439289093,5,0,-9,0,0,
18.44681310653687,5,1,-9,0,0,
18.56599807739258,5,1,-9,0,0,
18.7055139541626,5,0,-10,0,0,
18.82891893386841,5,1,-9,0,0,
18.95712900161743,5,1,-9,0,0,
19.08947491645813,5,0,-9,0,0,
19.21739006042481,5,1,-9,0,0,
19.34289598464966,5,1,-10,0,0,
19.47744011878967,5,0,-10,0,0,
19.61097502708435,5,1,-10,0,0,
19.73319292068481,5,1,-10,0,0,
19.85949611663818,5,0,-10,0,0,
19.99022197723389,5,1,-10,0,0,
20.11707997322083,5,0,-10,0,0,
20.24450492858887,5,1,-10,0,0,
20.36817407608032,5,0,-10,0,0,
20.4821310043335,5,1,-10,0,0,
20.60389494895935,5,1,-11,0,0,
20.74816513061524,5,0,-11,0,0,
20.86783814430237,5,1,-10,0,0,
20.99672198295593,5,0,-10,0,0,
21.12907195091247,5,1,-11,0,0,
21.25099301338196,5,0,-6,0,0,
21.379399061203,5,0,-7,0,0,
21.50738596916199,5,0,-19,0,0,
21.62689304351807,5,1,-18,0,0,
21.75672197341919,5,1,-11,0,0,
21.88458204269409,5,0,-10,0,0,
22.01214694976807,5,1,-14,0,0,
22.12772703170776,5,1,-16,0,0,
22.25100207328797,5,0,-22,0,0,
22.37884306907654,5,1,-16,0,0,
22.50274610519409,5,0,-17,0,0,
22.63058805465698,5,1,-10,0,0,
22.74934005737305,5,0,-12,0,0,
22.87454605102539,5,0,-14,0,0,
23.00528311729431,5,0,-17,0,0,
23.13486099243164,5,0,-21,0,0,
23.25658702850342,5,1,-18,0,0,
23.39158511161804,5,0,-16,0,0,
23.52615594863892,5,0,-15,0,0,
23.63881611824036,5,1,-17,0,0,
23.75898194313049,5,0,-19,0,0,
23.90283703804016,5,0,-18,-50.58823529411764,-50.58823529411764,
24.04381108283997,5,0,-21,-70.19607843137256,-70.19607843137256,
24.18732810020447,5,0,-19,-72.54901960784314,-72.54901960784314,
24.34059309959412,5,0,-17,-72.54901960784314,-72.54901960784314,
24.47816109657288,5,0,-17,-72.54901960784314,-72.54901960784314,
24.6139669418335,5,0,-19,-72.54901960784314,-72.54901960784314,
24.75723004341126,5,0,-20,-63.13725490196078,-63.13725490196078,
24.90742301940918,5,0,-19,49.01960784313727,49.01960784313727,
25.05735301971436,5,0,-19,98.43137254901961,98.43137254901961,
25.21305704116822,5,0,-20,89.01960784313724,89.01960784313724,
25.34739995002747,5,0,-20,-64.70588235294117,-64.70588235294117,
25.49472308158875,5,0,-20,12.15686274509804,12.15686274509804,
25.66297507286072,5,0,-18,24.70588235294118,24.70588235294118,
25.80355191230774,5,0,-19,-35.68627450980392,-35.68627450980392,
25.96276712417603,5,0,-20,12.15686274509804,12.15686274509804,
26.10950803756714,5,0,-21,34.11764705882351,34.11764705882351,
26.26204800605774,5,0,-20,-24.70588235294118,-24.70588235294118,
26.39923810958862,5,1,-20,-13.72549019607843,-13.72549019607843,
26.54339194297791,5,0,-19,-0.3921568627450966,-0.3921568627450966,
26.68811297416687,5,1,-19,-39.6078431372549,-39.6078431372549,
26.83060193061829,5,0,-19,-52.15686274509804,-52.15686274509804,
26.97459602355957,5,0,-21,35.68627450980392,35.68627450980392,
27.14124703407288,5,0,-22,45.09803921568627,45.09803921568627,
27.2861590385437,5,0,-21,-45.09803921568627,-45.09803921568627,
27.43607091903687,7,0,-14,-45.09803921568627,-45.09803921568627,
27.5865969657898,5,0,-2,-45.09803921568627,-45.09803921568627,
27.71601891517639,5,0,-17,-45.09803921568627,-45.09803921568627,
27.86416292190552,5,0,-18,-19.21568627450981,-19.21568627450981,
28.00410008430481,5,0,-9,24.70588235294118,24.70588235294118,
28.15098810195923,5,0,2,16.07843137254903,16.07843137254903,
28.30095791816712,5,0,0,13.72549019607843,13.72549019607843,
28.43606209754944,5,0,-25,13.72549019607843,13.72549019607843,
28.56587409973145,5,0,-31,13.72549019607843,13.72549019607843,
28.70814204216003,5,0,-36,13.72549019607843,13.72549019607843,
28.84610795974732,5,0,-35,13.72549019607843,13.72549019607843,
28.97887110710144,5,0,-51,13.72549019607843,13.72549019607843,
29.1260211467743,5,0,-47,13.72549019607843,13.72549019607843,
29.25951409339905,5,0,-32,13.72549019607843,13.72549019607843,
29.39449310302734,5,0,-27,13.72549019607843,13.72549019607843,
29.54664897918701,5,0,-30,13.72549019607843,13.72549019607843,
29.70791697502136,5,0,-34,13.72549019607843,13.72549019607843,
29.87403106689453,5,0,-32,13.72549019607843,13.72549019607843,
30.03065991401673,5,0,-31,13.72549019607843,13.72549019607843,
30.17308807373047,5,0,-35,13.72549019607843,13.72549019607843,
