Avstand=calc,Lys=meas,Bryter=meas,PowerD=meas,GyroAngle=meas,Tid=meas,PowerA=meas
start_tidspunkt=1586629887.51736,lys_initial=5
,5,0,0,0,0,0
,5,0,0,0,0.1629159450531006,0
,5,0,0,0,0.2788429260253906,0
,5,0,0,0,0.4002220630645752,0
,5,0,0,0,0.5169899463653564,0
,5,0,0,0,0.6414611339569092,0
,5,0,0,0,0.7573621273040771,0
,5,0,0,0,0.8734071254730225,0
,5,0,0,0,0.9979350566864014,0
,5,0,0,0,1.116671085357666,0
,5,0,0,0,1.23088002204895,0
,5,0,0,0,1.349586009979248,0
,5,0,0,0,1.473933935165405,0
,5,0,0,0,1.58903694152832,0
,5,0,0,0,1.712597131729126,0
,5,0,0,0,1.829546928405762,0
,5,0,0,0,1.941906929016113,0
,5,0,0,0,2.055233955383301,0
,5,0,0,0,2.174220085144043,0
,5,0,0,0,2.28971004486084,0
,5,0,0,0,2.398260116577148,0
,5,0,0,0,2.516761064529419,0
,5,0,0,0,2.641818046569824,0
,5,0,0,0,2.770971059799194,0
,5,0,0,0,2.884257078170776,0
,5,0,0,0,3.01098895072937,0
,5,0,0,0,3.12480902671814,0
,5,0,0,0,3.236665010452271,0
,5,0,0,0,3.35788893699646,0
,5,0,0,0,3.480904102325439,0
,5,0,0,0,3.593792915344238,0
,5,0,0,0,3.725980043411255,0
,5,0,0,0,3.848931074142456,0
,5,0,0,0,3.979696989059448,0
,5,0,0,0,4.091787099838257,0
,5,0,0,0,4.216721057891846,0
,5,0,0,0,4.337826013565063,0
,5,0,0,0,4.454721927642822,0
,5,0,0,0,4.580697059631348,0
,5,0,0,1,4.71597695350647,0
,5,1,0,0,4.833369016647339,0
,5,1,0,-1,4.960042953491211,0
,5,1,0,-1,5.091825008392334,0
,5,0,0,2,5.220747947692871,0
,5,0,0,-1,5.340013027191162,0
,5,1,0,1,5.472993135452271,0
,5,1,0,-3,5.589790105819702,0
,5,1,0,-1,5.718713998794556,0
,5,1,0,1,5.852128028869629,0
,5,1,0,0,5.968194007873535,0
,5,1,0,-2,6.087460041046143,0
,5,1,0,-1,6.22677206993103,0
,5,1,0,-1,6.352941989898682,0
,5,1,0,0,6.481452941894531,0
,5,1,0,0,6.599621057510376,0
,5,0,0,-1,6.717462062835693,0
,5,0,0,-1,6.854203939437866,0
,5,0,0,-2,6.976122140884399,0
,5,1,0,-1,7.103559970855713,0
,5,1,0,-1,7.22971510887146,0
,5,1,0,-1,7.359499931335449,0
,5,0,0,-1,7.486182928085327,0
,5,0,0,-2,7.613358974456787,0
,5,1,0,-2,7.732027053833008,0
,5,1,0,-2,7.870926141738892,0
,5,1,0,-2,8.002912044525146,0
,5,0,0,-2,8.124643087387085,0
,5,0,0,-2,8.25593900680542,0
,5,1,0,-2,8.374711990356445,0
,5,1,0,-2,8.518113136291504,0
,5,1,0,-4,8.657344102859497,0
,5,0,0,-4,8.79210901260376,0
,5,0,0,-2,8.941028118133545,0
,5,1,0,-2,9.083981037139893,0
,5,1,0,-3,9.230962991714478,0
,5,0,0,-5,9.367923974990845,0
,5,0,0,-4,9.51972508430481,0
,5,1,0,-2,9.651309967041016,0
,5,1,0,-3,9.816138982772827,0
,5,1,0,-4,9.9637770652771,0
,5,1,0,-5,10.10674095153809,0
,5,1,0,-3,10.24531292915344,0
,5,1,0,-2,10.37177801132202,0
,5,1,0,-3,10.49137711524963,0
,5,1,0,-4,10.62108612060547,0
,5,1,0,-5,10.73878407478333,0
,5,0,0,-5,10.85953497886658,0
,5,0,0,-4,10.98015213012695,0
,5,1,0,-3,11.11934208869934,0
,5,1,0,-3,11.23934292793274,0
,5,1,0,-5,11.36577010154724,0
,5,0,0,-5,11.48975992202759,0
,5,1,0,-5,11.60610914230347,0
,5,1,0,-5,11.73670291900635,0
,5,1,0,-4,11.86921501159668,0
,5,0,0,-4,11.99307203292847,0
,5,0,0,-6,12.11717391014099,0
,5,0,0,-6,12.24597096443176,0
,5,0,0,-5,12.37472701072693,0
,5,1,0,-4,12.49951410293579,0
,5,1,0,-4,12.6321120262146,0
,5,1,0,-5,12.74881100654602,0
,5,1,0,-6,12.88805508613587,0
,5,1,0,-6,13.01671409606934,0
,5,1,0,-5,13.13453602790833,0
,5,1,0,-5,13.25820112228394,0
,5,1,0,-6,13.38021898269653,0
,5,0,0,-6,13.50824809074402,0
,5,0,0,-6,13.63591814041138,0
,5,0,0,-6,13.75053405761719,0
,5,0,0,-7,13.88291907310486,0
,5,0,0,-6,14.00825595855713,0
,5,1,0,-6,14.13521599769592,0
,5,1,0,-6,14.2561731338501,0
,5,1,0,-6,14.37680101394653,0
,5,1,0,-7,14.49868702888489,0
,5,1,0,-7,14.63274812698364,0
,5,1,0,-7,14.75468897819519,0
,5,0,0,-6,14.89322900772095,0
,5,0,0,-7,15.02477312088013,0
,5,1,0,-7,15.14767909049988,0
,5,1,0,-6,15.26936006546021,0
,5,1,0,-8,15.3809859752655,0
,5,1,0,-8,15.51930809020996,0
,5,0,0,-7,15.66913795471192,0
,5,0,0,-6,15.8121440410614,0
,5,1,0,-6,15.94949793815613,0
,5,1,0,-8,16.08804297447205,0
,5,0,0,-8,16.23608803749085,0
,5,0,0,-8,16.40210700035095,0
,5,1,0,-7,16.5666139125824,0
,5,1,0,-8,16.71713495254517,0
,5,0,0,-8,16.84852910041809,0
,5,0,0,-9,17.02716398239136,0
,5,1,0,-10,17.17076992988587,0
,5,1,0,-9,17.31288814544678,0
,5,0,0,-7,17.43822813034058,0
,5,1,0,-8,17.56878805160523,0
,5,0,0,-9,17.68820810317993,0
,5,1,0,-10,17.81379795074463,0
,5,0,0,-10,17.9582679271698,0
,5,1,0,-9,18.07932305335999,0
,5,1,0,-8,18.19909405708313,0
,5,0,0,-9,18.3222439289093,0
,5,1,0,-9,18.44681310653687,0
,5,1,0,-9,18.56599807739258,0
,5,0,0,-10,18.7055139541626,0
,5,1,0,-9,18.82891893386841,0
,5,1,0,-9,18.95712900161743,0
,5,0,0,-9,19.08947491645813,0
,5,1,0,-9,19.21739006042481,0
,5,1,0,-10,19.34289598464966,0
,5,0,0,-10,19.47744011878967,0
,5,1,0,-10,19.61097502708435,0
,5,1,0,-10,19.73319292068481,0
,5,0,0,-10,19.85949611663818,0
,5,1,0,-10,19.99022197723389,0
,5,0,0,-10,20.11707997322083,0
,5,1,0,-10,20.24450492858887,0
,5,0,0,-10,20.36817407608032,0
,5,1,0,-10,20.4821310043335,0
,5,1,0,-11,20.60389494895935,0
,5,0,0,-11,20.74816513061524,0
,5,1,0,-10,20.86783814430237,0
,5,0,0,-10,20.99672198295593,0
,5,1,0,-11,21.12907195091247,0
,5,0,0,-6,21.25099301338196,0
,5,0,0,-7,21.379399061203,0
,5,0,0,-19,21.50738596916199,0
,5,1,0,-18,21.62689304351807,0
,5,1,0,-11,21.75672197341919,0
,5,0,0,-10,21.88458204269409,0
,5,1,0,-14,22.01214694976807,0
,5,1,0,-16,22.12772703170776,0
,5,0,0,-22,22.25100207328797,0
,5,1,0,-16,22.37884306907654,0
,5,0,0,-17,22.50274610519409,0
,5,1,0,-10,22.63058805465698,0
,5,0,0,-12,22.74934005737305,0
,5,0,0,-14,22.87454605102539,0
,5,0,0,-17,23.00528311729431,0
,5,0,0,-21,23.13486099243164,0
,5,1,0,-18,23.25658702850342,0
,5,0,0,-16,23.39158511161804,0
,5,0,0,-15,23.52615594863892,0
,5,1,0,-17,23.63881611824036,0
,5,0,0,-19,23.75898194313049,0
,5,0,-50.58823529411764,-18,23.90283703804016,-50.58823529411764
,5,0,-70.19607843137255,-21,24.04381108283997,-70.19607843137255
,5,0,-72.54901960784314,-19,24.18732810020447,-72.54901960784314
,5,0,-72.54901960784314,-17,24.34059309959412,-72.54901960784314
,5,0,-72.54901960784314,-17,24.47816109657288,-72.54901960784314
,5,0,-72.54901960784314,-19,24.6139669418335,-72.54901960784314
,5,0,-63.13725490196078,-20,24.75723004341126,-63.13725490196078
,5,0,49.01960784313727,-19,24.90742301940918,49.01960784313727
,5,0,98.43137254901961,-19,25.05735301971436,98.43137254901961
,5,0,89.01960784313724,-20,25.21305704116822,89.01960784313724
,5,0,-64.70588235294118,-20,25.34739995002747,-64.70588235294118
,5,0,12.15686274509804,-20,25.49472308158875,12.15686274509804
,5,0,24.70588235294118,-18,25.66297507286072,24.70588235294118
,5,0,-35.68627450980392,-19,25.80355191230774,-35.68627450980392
,5,0,12.15686274509804,-20,25.96276712417603,12.15686274509804
,5,0,34.11764705882351,-21,26.10950803756714,34.11764705882351
,5,0,-24.70588235294118,-20,26.26204800605774,-24.70588235294118
,5,1,-13.72549019607843,-20,26.39923810958862,-13.72549019607843
,5,0,-0.3921568627450966,-19,26.54339194297791,-0.3921568627450966
,5,1,-39.6078431372549,-19,26.68811297416687,-39.6078431372549
,5,0,-52.15686274509804,-19,26.83060193061829,-52.15686274509804
,5,0,35.68627450980392,-21,26.97459602355957,35.68627450980392
,5,0,45.09803921568627,-22,27.14124703407288,45.09803921568627
,5,0,-45.09803921568627,-21,27.2861590385437,-45.09803921568627
,7,0,-45.09803921568627,-14,27.43607091903687,-45.09803921568627
,5,0,-45.09803921568627,-2,27.5865969657898,-45.09803921568627
,5,0,-45.09803921568627,-17,27.71601891517639,-45.09803921568627
,5,0,-19.21568627450981,-18,27.86416292190552,-19.21568627450981
,5,0,24.70588235294118,-9,28.00410008430481,24.70588235294118
,5,0,16.07843137254903,2,28.15098810195923,16.07843137254903
,5,0,13.72549019607843,0,28.30095791816712,13.72549019607843
,5,0,13.72549019607843,-25,28.43606209754944,13.72549019607843
,5,0,13.72549019607843,-31,28.56587409973145,13.72549019607843
,5,0,13.72549019607843,-36,28.70814204216003,13.72549019607843
,5,0,13.72549019607843,-35,28.84610795974732,13.72549019607843
,5,0,13.72549019607843,-51,28.97887110710144,13.72549019607843
,5,0,13.72549019607843,-47,29.1260211467743,13.72549019607843
,5,0,13.72549019607843,-32,29.25951409339905,13.72549019607843
,5,0,13.72549019607843,-27,29.39449310302734,13.72549019607843
,5,0,13.72549019607843,-30,29.54664897918701,13.72549019607843
,5,0,13.72549019607843,-34,29.70791697502136,13.72549019607843
,5,0,13.72549019607843,-32,29.87403106689453,13.72549019607843
,5,0,13.72549019607843,-31,30.03065991401673,13.72549019607843
,5,0,13.72549019607843,-35,30.17308807373047,13.72549019607843
