Tid=meas,PowerA=calc,PowerD=calc,A_=meas,Ts=calc,W_=meas,PowerB=calc,PowerC=calc,D_=meas,S_=meas
start_tidspunkt=1586728944.278319
0,0,0,0,,0,0,0,0,0
0.1097590923309326,0,0,0,0.1097590923309326,0,0,0,0,0
0.1875720024108887,0,0,0,0.07781291007995605,0,0,0,0,0
0.2692341804504395,0,0,0,0.08166217803955078,0,0,0,0,0
0.3489940166473389,0,0,0,0.07975983619689941,0,0,0,0,0
0.4317951202392578,0,0,0,0.08280110359191895,0,0,0,0,0
0.521522045135498,0,0,0,0.08972692489624023,0,0,0,0,0
0.6019341945648193,0,0,0,0.08041214942932129,0,0,0,0,0
0.6809771060943604,0,0,0,0.07904291152954102,0,0,0,0,0
0.7691102027893066,0,0,0,0.08813309669494629,0,0,0,0,0
0.8513572216033936,0,0,0,0.08224701881408691,0,0,0,0,0
0.9388902187347412,0,0,0,0.08753299713134766,0,0,0,0,0
1.01947021484375,0,0,0,0.08057999610900879,0,0,0,0,0
1.098165035247803,0,0,0,0.07869482040405273,0,0,0,0,0
1.177915096282959,0,0,0,0.07975006103515625,0,0,0,0,0
1.26482105255127,0,0,0,0.08690595626831055,0,0,0,0,0
1.343893051147461,0,0,0,0.07907199859619141,0,0,0,0,0
1.42859411239624,0,0,0,0.0847010612487793,0,0,0,0,0
1.5088050365448,0,0,0,0.08021092414855957,0,0,0,0,0
1.591536045074463,0,0,0,0.08273100852966309,0,0,0,0,0
1.677073001861572,0,0,0,0.08553695678710938,0,0,0,0,0
1.76695704460144,0,0,0,0.08988404273986816,0,0,0,0,0
1.848962068557739,0,0,0,0.08200502395629883,0,0,0,0,0
1.928810119628906,0,0,0,0.07984805107116699,0,0,0,0,0
2.006691217422485,0,0,0,0.0778810977935791,0,0,0,0,0
2.09104323387146,0,0,0,0.08435201644897461,0,0,0,0,0
2.172766208648682,0,0,0,0.08172297477722168,0,0,0,0,0
2.263407230377197,0,0,0,0.09064102172851563,0,0,0,0,0
2.355255126953125,0,0,0,0.09184789657592773,0,0,0,0,0
2.436866044998169,0,0,0,0.08161091804504395,0,0,0,0,0
2.522710084915161,0,0,0,0.08584403991699219,0,0,0,0,0
2.606824159622192,0,0,0,0.08411407470703125,0,0,0,0,0
2.686640024185181,0,0,0,0.07981586456298828,0,0,0,0,0
2.775324106216431,0,0,0,0.08868408203125,0,0,0,0,0
2.864540100097656,0,0,0,0.08921599388122559,0,0,0,0,0
2.943988084793091,0,0,0,0.07944798469543457,0,0,0,0,0
3.023114204406738,0,0,0,0.07912611961364746,0,0,0,0,0
3.101377010345459,0,0,0,0.0782628059387207,0,0,0,0,0
3.180176019668579,0,0,0,0.07879900932312012,0,0,0,0,0
3.265329122543335,0,0,0,0.08515310287475586,0,0,0,0,0
3.348184108734131,0,0,0,0.0828549861907959,0,0,0,0,0
3.427793025970459,0,0,0,0.07960891723632813,0,0,0,0,0
3.509561061859131,0,0,0,0.08176803588867188,0,0,0,0,0
3.589222192764282,0,0,0,0.07966113090515137,0,0,0,0,0
3.673985004425049,0,0,0,0.0847628116607666,0,0,0,0,0
3.752172231674194,0,0,0,0.07818722724914551,0,0,0,0,0
3.839560031890869,0,0,0,0.0873878002166748,0,0,0,0,0
3.919339179992676,0,0,0,0.07977914810180664,0,0,0,0,0
3.997072219848633,0,0,0,0.07773303985595703,0,0,0,0,0
4.081667184829712,0,0,0,0.0845949649810791,0,0,0,0,0
4.161250114440918,0,0,0,0.07958292961120605,0,0,0,0,0
4.240510225296021,0,0,0,0.07926011085510254,0,0,0,0,0
4.32075023651123,0,0,0,0.08024001121520996,0,0,0,0,0
4.400102138519287,0,0,0,0.07935190200805664,0,0,0,0,0
4.485377073287964,0,0,0,0.08527493476867676,0,0,0,0,0
4.570598125457764,0,0,0,0.0852210521697998,0,0,0,0,0
4.662063121795654,0,0,0,0.09146499633789063,0,0,0,0,0
4.743620157241821,0,0,0,0.08155703544616699,0,0,0,0,0
4.846729040145874,0,0,0,0.1031088829040527,0,0,0,0,0
4.946792125701904,0,0,0,0.1000630855560303,0,0,0,0,0
5.034868001937866,0,0,0,0.08807587623596191,0,0,0,0,0
5.113043069839478,0,0,0,0.07817506790161133,0,0,0,0,0
5.189520120620728,0,0,0,0.07647705078125,0,0,0,0,0
5.2731032371521,0,0,0,0.08358311653137207,0,0,0,0,0
5.354737043380737,0,0,0,0.0816338062286377,0,0,0,0,0
5.451189041137695,0,0,0,0.09645199775695801,0,0,0,0,0
5.539331197738647,0,0,0,0.08814215660095215,0,0,0,0,0
5.618712186813354,0,0,0,0.07938098907470703,0,0,0,0,0
5.707559108734131,0,0,0,0.08884692192077637,0,0,0,0,0
5.79326605796814,0,0,0,0.08570694923400879,0,0,0,0,0
5.872648000717163,0,0,0,0.07938194274902344,0,0,0,0,0
5.951874017715454,0,0,0,0.07922601699829102,0,0,0,0,0
6.02978515625,0,0,0,0.0779111385345459,0,0,0,0,0
6.116783142089844,0,0,0,0.08699798583984375,0,0,0,0,0
6.195318222045898,0,0,0,0.07853507995605469,0,0,0,0,0
6.284777164459229,0,0,0,0.08945894241333008,0,0,0,0,0
6.373179197311401,0,0,0,0.08840203285217285,0,0,0,0,0
6.473765134811401,0,50,0,0.1005859375,0,0,0,1,0
6.572179079055786,0,50,0,0.09841394424438477,0,0,0,1,0
6.657332181930542,0,50,0,0.08515310287475586,0,0,0,1,0
6.745345115661621,0,50,0,0.0880129337310791,0,0,0,1,0
6.84284520149231,0,50,0,0.09750008583068848,0,0,0,1,0
6.93216609954834,0,50,0,0.08932089805603027,0,0,0,1,0
7.019185066223145,0,50,0,0.08701896667480469,0,0,0,1,0
7.101516008377075,0,50,0,0.08233094215393066,0,0,0,1,0
7.190073013305664,0,50,0,0.08855700492858887,0,0,0,1,0
7.282222032546997,0,50,0,0.09214901924133301,0,0,0,1,0
7.36944317817688,0,50,0,0.08722114562988281,0,0,0,1,0
7.454981088638306,0,50,0,0.08553791046142578,0,0,0,1,0
7.545042037963867,0,50,0,0.09006094932556152,0,0,0,1,0
7.629345178604126,0,50,0,0.08430314064025879,0,0,0,1,0
7.722047090530396,0,50,0,0.09270191192626953,0,0,0,1,0
7.810643196105957,0,50,0,0.08859610557556152,0,0,0,1,0
7.897838115692139,0,50,0,0.08719491958618164,0,0,0,1,0
7.987373113632202,0,50,0,0.08953499794006348,0,0,0,1,0
8.081472158432007,0,50,0,0.09409904479980469,0,0,0,1,0
8.168678998947144,50,0,0,0.08720684051513672,1,0,0,0,0
8.254824161529541,50,0,0,0.08614516258239746,1,0,0,0,0
8.345325231552124,50,0,0,0.09050107002258301,1,0,0,0,0
8.432691097259521,50,0,0,0.08736586570739746,1,0,0,0,0
8.530033111572266,50,0,0,0.09734201431274414,1,0,0,0,0
8.613896131515503,50,0,0,0.0838630199432373,1,0,0,0,0
8.700999021530151,50,0,0,0.08710289001464844,1,0,0,0,0
8.790725231170654,50,0,0,0.08972620964050293,1,0,0,0,0
8.89089822769165,50,0,0,0.1001729965209961,1,0,0,0,0
8.973894119262695,50,0,0,0.08299589157104492,1,0,0,0,0
9.061060190200806,50,0,0,0.08716607093811035,1,0,0,0,0
9.146966218948364,50,0,0,0.08590602874755859,1,0,0,0,0
9.233703136444092,50,0,0,0.08673691749572754,1,0,0,0,0
9.327706098556519,50,0,0,0.09400296211242676,1,0,0,0,0
9.419085025787354,50,0,0,0.09137892723083496,1,0,0,0,0
9.519772052764893,50,0,0,0.1006870269775391,1,0,0,0,0
9.621055126190186,50,0,0,0.101283073425293,1,0,0,0,0
9.734803199768066,0,0,0,0.1137480735778809,0,0,50,0,1
9.835301160812378,0,0,0,0.1004979610443115,0,0,50,0,1
9.923875093460083,0,0,0,0.08857393264770508,0,0,50,0,1
10.01274800300598,0,0,0,0.08887290954589844,0,0,50,0,1
10.10505223274231,0,0,0,0.09230422973632813,0,0,50,0,1
10.19052600860596,0,0,0,0.08547377586364746,0,0,50,0,1
10.28223609924316,0,0,0,0.09171009063720703,0,0,50,0,1
10.36862516403198,0,0,0,0.08638906478881836,0,0,50,0,1
10.45763921737671,0,0,0,0.08901405334472656,0,0,50,0,1
10.55253505706787,0,0,0,0.09489583969116211,0,0,50,0,1
10.64165210723877,0,0,0,0.08911705017089844,0,0,50,0,1
10.73100209236145,0,0,0,0.08934998512268066,0,0,50,0,1
10.82053518295288,0,0,0,0.08953309059143066,0,0,50,0,1
10.9169430732727,0,0,0,0.09640789031982422,0,0,50,0,1
10.99905800819397,0,0,0,0.08211493492126465,0,0,0,0,0
11.08473706245422,0,0,0,0.08567905426025391,0,0,0,0,0
11.18921422958374,0,0,0,0.1044771671295166,0,0,0,0,0
11.2857780456543,0,0,0,0.09656381607055664,0,0,0,0,0
11.36929702758789,0,0,0,0.08351898193359375,0,0,0,0,0
11.45011305809021,0,0,0,0.08081603050231934,0,0,0,0,0
11.53115010261536,0,0,0,0.08103704452514648,0,0,0,0,0
11.62936806678772,0,0,0,0.09821796417236328,0,0,0,0,0
11.7166440486908,0,0,0,0.08727598190307617,0,0,0,0,0
11.80376315116882,0,0,0,0.08711910247802734,0,0,0,0,0
11.89352011680603,0,0,0,0.08975696563720703,0,0,0,0,0
11.97736811637878,0,0,0,0.08384799957275391,0,0,0,0,0
12.05870699882508,0,0,0,0.08133888244628906,0,0,0,0,0
12.14739203453064,0,0,0,0.08868503570556641,0,0,0,0,0
12.22999215126038,0,0,0,0.08260011672973633,0,0,0,0,0
12.31389617919922,0,0,0,0.08390402793884277,0,0,50,0,1
12.40184807777405,0,0,0,0.0879518985748291,0,0,50,0,1
12.49486112594605,0,0,0,0.09301304817199707,0,0,50,0,1
12.58344507217407,0,0,0,0.08858394622802734,0,0,50,0,1
12.67064905166626,0,0,0,0.0872039794921875,0,0,50,0,1
12.75721907615662,0,0,0,0.08657002449035645,0,0,50,0,1
12.84489607810974,0,0,0,0.087677001953125,0,0,50,0,1
12.94696116447449,0,0,0,0.1020650863647461,0,0,50,0,1
13.03005123138428,0,0,0,0.08309006690979004,0,0,0,0,0
13.11454200744629,0,0,0,0.08449077606201172,0,0,0,0,0
13.19646406173706,0,0,0,0.08192205429077148,0,0,0,0,0
13.28877019882202,0,0,0,0.09230613708496094,0,0,0,0,0
13.3706521987915,0,0,0,0.08188199996948242,0,0,0,0,0
13.45116710662842,0,0,0,0.08051490783691406,0,0,0,0,0
13.53376817703247,0,0,0,0.08260107040405273,0,0,0,0,0
13.61499500274658,0,0,0,0.08122682571411133,0,0,0,0,0
13.69998407363892,0,0,0,0.08498907089233398,0,0,0,0,0
13.78106212615967,0,0,0,0.08107805252075195,0,0,0,0,0
13.86168503761292,0,0,0,0.08062291145324707,0,0,0,0,0
13.95059418678284,0,0,0,0.08890914916992188,0,0,0,0,0
14.03109216690064,0,0,0,0.08049798011779785,0,0,0,0,0
14.11747908592224,0,0,0,0.08638691902160645,0,0,0,0,0
14.19886302947998,0,0,0,0.08138394355773926,0,0,0,0,0
14.28154611587525,0,0,0,0.08268308639526367,0,0,0,0,0
14.37401604652405,0,0,0,0.09246993064880371,0,0,0,0,0
14.4747200012207,0,0,0,0.1007039546966553,0,0,0,0,0
14.56255316734314,0,0,0,0.08783316612243652,0,0,0,0,0
14.64529609680176,0,0,0,0.08274292945861816,0,0,0,0,0
14.73527908325195,0,0,0,0.08998298645019531,0,0,0,0,0
14.81792020797729,0,0,0,0.0826411247253418,0,0,0,0,0
14.90934205055237,0,0,0,0.09142184257507324,0,0,0,0,0
14.99305820465088,0,0,0,0.08371615409851074,0,0,0,0,0
15.07661008834839,0,0,0,0.08355188369750977,0,0,0,0,0
15.15920805931091,0,0,0,0.08259797096252441,0,0,50,0,1
15.24750423431397,0,0,0,0.08829617500305176,0,0,50,0,1
15.34128618240357,0,0,0,0.09378194808959961,0,0,50,0,1
15.43008422851563,0,0,0,0.08879804611206055,0,0,50,0,1
15.51780319213867,0,0,0,0.08771896362304688,0,0,50,0,1
15.60884714126587,0,0,0,0.09104394912719727,0,0,50,0,1
15.7012882232666,0,0,0,0.09244108200073242,0,0,50,0,1
15.78765606880188,0,0,0,0.08636784553527832,0,0,0,0,0
15.87309122085571,0,50,0,0.08543515205383301,0,0,0,1,0
15.9692120552063,0,50,0,0.09612083435058594,0,0,0,1,0
16.05757904052735,0,50,0,0.08836698532104492,0,0,0,1,0
16.14967322349548,0,50,0,0.09209418296813965,0,0,0,1,0
16.24140214920044,0,50,0,0.09172892570495605,0,0,0,1,0
16.33023500442505,0,50,0,0.08883285522460938,0,0,0,1,0
16.41580700874329,0,50,0,0.0855720043182373,0,0,0,1,0
16.5113251209259,0,50,0,0.09551811218261719,0,0,0,1,0
16.60982012748718,0,50,1,0.0984950065612793,0,50,0,1,0
16.69699716567993,0,0,1,0.08717703819274902,0,50,0,0,0
16.79355907440186,0,0,1,0.09656190872192383,0,50,0,0,0
16.88079714775085,0,0,1,0.08723807334899902,0,50,0,0,0
16.97890210151672,0,0,1,0.09810495376586914,0,50,0,0,0
17.06997323036194,0,0,1,0.09107112884521484,0,50,0,0,0
17.15940999984741,50,0,0,0.08943676948547363,1,0,0,0,0
17.24935913085938,50,0,0,0.08994913101196289,1,0,0,0,0
17.34140014648438,50,0,0,0.092041015625,1,0,0,0,0
17.43188500404358,50,0,0,0.0904848575592041,1,0,0,0,0
17.5194730758667,50,0,0,0.08758807182312012,1,0,0,0,0
17.60756206512451,0,50,0,0.0880889892578125,0,0,0,1,0
17.70454621315003,0,50,0,0.0969841480255127,0,0,0,1,0
17.80513000488281,0,0,0,0.1005837917327881,0,0,50,0,1
17.90992522239685,0,0,0,0.1047952175140381,0,0,50,0,1
18.01787614822388,0,0,1,0.1079509258270264,0,50,0,0,0
18.12939715385437,0,0,1,0.1115210056304932,0,50,0,0,0
18.22052001953125,50,0,0,0.09112286567687988,1,0,0,0,0
18.31172704696655,0,50,0,0.09120702743530273,0,0,0,1,0
18.40222716331482,0,50,0,0.0905001163482666,0,0,50,1,1
18.49376201629639,0,0,0,0.09153485298156738,0,0,50,0,1
18.58993220329285,0,0,1,0.09617018699645996,0,50,0,0,0
18.67774510383606,0,0,1,0.08781290054321289,0,50,0,0,0
18.76788401603699,50,0,0,0.09013891220092773,1,0,0,0,0
18.85823106765747,0,50,0,0.0903470516204834,0,0,0,1,0
18.95999217033386,50,50,0,0.1017611026763916,1,0,0,1,0
19.056636095047,50,0,1,0.09664392471313477,1,50,0,0,0
19.14730310440063,0,0,1,0.0906670093536377,0,50,0,0,0
19.23894810676575,0,50,1,0.0916450023651123,0,50,0,1,0
19.3351092338562,0,50,1,0.0961611270904541,0,50,0,1,0
19.42820000648499,0,50,0,0.09309077262878418,0,0,0,1,0
19.51461720466614,0,50,0,0.08641719818115234,0,0,0,1,0
19.60990500450134,0,0,1,0.09528779983520508,0,50,0,0,0
19.69948816299438,0,50,0,0.08958315849304199,0,0,0,1,0
19.80007815361023,0,0,1,0.1005899906158447,0,50,0,0,0
19.89371418952942,0,0,1,0.09363603591918945,0,50,0,0,0
19.98693704605103,0,50,0,0.09322285652160645,0,0,0,1,0
20.0779812335968,0,50,0,0.09104418754577637,0,0,0,1,0
20.17347717285156,0,50,1,0.09549593925476074,0,50,0,1,0
20.26377010345459,0,50,0,0.09029293060302734,0,0,0,1,0
20.35333204269409,0,50,0,0.08956193923950195,0,0,0,1,0
20.4400532245636,0,50,0,0.08672118186950684,0,0,0,1,0
20.53785109519958,0,50,1,0.09779787063598633,0,50,0,1,0
20.63532900810242,0,0,1,0.09747791290283203,0,50,0,0,0
20.7236921787262,0,50,0,0.0883631706237793,0,0,0,1,0
20.8088231086731,0,0,0,0.08513092994689941,0,0,0,0,0
20.89892506599426,0,50,0,0.09010195732116699,0,0,0,1,0
20.99718117713928,0,0,1,0.09825611114501953,0,50,0,0,0
21.08663320541382,0,0,1,0.08945202827453613,0,50,0,0,0
21.1765022277832,0,50,0,0.08986902236938477,0,0,0,1,0
21.26190519332886,0,0,0,0.0854029655456543,0,0,0,0,0
21.349454164505,0,0,0,0.08754897117614746,0,0,0,0,0
21.43147110939026,0,0,0,0.08201694488525391,0,0,0,0,0
21.5140631198883,0,0,0,0.08259201049804688,0,0,0,0,0
21.59998321533203,50,0,0,0.08592009544372559,1,0,0,0,0
21.71886110305786,0,0,0,0.1188778877258301,0,0,0,0,0
21.82459211349487,50,0,0,0.1057310104370117,1,0,0,0,0
21.9099760055542,50,0,0,0.08538389205932617,1,0,0,0,0
22.00121021270752,50,0,0,0.09123420715332031,1,0,0,0,0
22.08518123626709,0,0,0,0.08397102355957031,0,0,0,0,0
22.18023920059204,50,0,0,0.09505796432495117,1,0,0,0,0
22.26742911338806,50,0,0,0.08718991279602051,1,0,0,0,0
22.35270118713379,50,0,0,0.08527207374572754,1,0,0,0,0
22.43794822692871,0,0,0,0.08524703979492188,0,0,0,0,0
22.52984714508057,50,0,0,0.09189891815185547,1,0,0,0,0
22.62258505821228,0,0,0,0.09273791313171387,0,0,0,0,0
22.77112102508545,50,0,0,0.1485359668731689,1,0,0,0,0
22.87461709976196,0,0,0,0.1034960746765137,0,0,0,0,0
22.96495413780212,50,0,0,0.09033703804016113,1,0,0,0,0
23.05257511138916,0,0,0,0.08762097358703613,0,0,0,0,0
23.13951206207276,50,0,0,0.08693695068359375,1,0,0,0,0
23.22972011566162,50,0,0,0.09020805358886719,1,0,0,0,0
23.32276320457459,50,0,0,0.09304308891296387,1,0,0,0,0
23.40679812431336,0,0,0,0.08403491973876953,0,0,0,0,0
23.49284505844116,50,0,0,0.08604693412780762,1,0,0,0,0
23.5812201499939,50,0,0,0.08837509155273438,1,0,0,0,0
23.66250205039978,0,0,0,0.08128190040588379,0,0,0,0,0
23.76991105079651,50,0,0,0.1074090003967285,1,0,0,0,0
23.86693620681763,50,0,0,0.09702515602111816,1,0,0,0,0
23.94983100891114,0,0,0,0.08289480209350586,0,0,0,0,0
24.04054117202759,50,0,0,0.09071016311645508,1,0,0,0,0
24.13124203681946,50,0,0,0.09070086479187012,1,0,0,0,0
24.22279310226441,50,0,0,0.09155106544494629,1,0,0,0,0
24.30526804924011,0,0,0,0.08247494697570801,0,0,0,0,0
24.39014410972595,50,0,0,0.08487606048583984,1,0,0,0,0
24.47373819351196,0,0,0,0.08359408378601074,0,0,0,0,0
24.56293511390686,0,0,0,0.08919692039489746,0,0,0,0,0
24.65076422691345,0,0,0,0.0878291130065918,0,0,0,0,0
24.73285222053528,0,0,0,0.08208799362182617,0,0,0,0,0
24.82373523712158,0,0,0,0.09088301658630371,0,0,0,0,0
24.90519309043885,0,0,0,0.08145785331726074,0,0,0,0,0
24.9949312210083,0,0,0,0.08973813056945801,0,0,0,0,0
25.08106708526611,0,0,0,0.0861358642578125,0,0,0,0,0
25.16318202018738,0,0,0,0.08211493492126465,0,0,0,0,0
25.24462509155274,0,0,0,0.08144307136535645,0,0,0,0,0
25.3325080871582,0,0,0,0.08788299560546875,0,0,0,0,0
25.41406512260437,0,0,0,0.08155703544616699,0,0,0,0,0
25.49492502212525,0,0,0,0.08085989952087402,0,0,0,0,0
25.57695007324219,0,0,0,0.08202505111694336,0,0,0,0,0
25.66054201126099,0,0,0,0.08359193801879883,0,0,0,0,0
25.74952101707459,0,0,0,0.08897900581359863,0,0,0,0,0
25.83137917518616,0,0,0,0.08185815811157227,0,0,0,0,0
25.91378808021545,0,0,0,0.08240890502929688,0,0,0,0,0
25.99352216720581,0,0,0,0.07973408699035645,0,0,0,0,0
26.09686517715454,0,0,0,0.1033430099487305,0,0,0,0,0
26.1991810798645,0,0,0,0.1023159027099609,0,0,0,0,0
26.28283715248108,0,0,0,0.08365607261657715,0,0,0,0,0
26.36462211608887,0,0,0,0.08178496360778809,0,0,0,0,0
26.44862318038941,0,0,0,0.08400106430053711,0,0,0,0,0
26.53392314910889,0,0,0,0.08529996871948242,0,0,0,0,0
26.61774015426636,0,0,0,0.0838170051574707,0,0,0,0,0
26.70086312294007,0,0,0,0.08312296867370605,0,0,0,0,0
26.7898120880127,0,0,0,0.08894896507263184,0,0,0,0,0
26.87327218055725,0,0,0,0.08346009254455566,0,0,0,0,0
26.95734810829163,0,0,0,0.084075927734375,0,0,0,0,0
27.0451831817627,0,0,0,0.08783507347106934,0,0,0,0,0
27.12671709060669,0,0,0,0.08153390884399414,0,0,0,0,0
27.21190118789673,0,0,0,0.08518409729003906,0,0,0,0,0
27.29483318328858,0,0,0,0.0829319953918457,0,0,0,0,0
27.37907409667969,0,0,0,0.08424091339111328,0,0,0,0,0
27.46213412284851,0,0,0,0.08306002616882324,0,0,0,0,0
27.54327607154846,0,0,0,0.08114194869995117,0,0,0,0,0
27.6236310005188,0,0,0,0.08035492897033691,0,0,0,0,0
27.70356321334839,0,0,0,0.07993221282958984,0,0,0,0,0
27.79344916343689,0,0,0,0.08988595008850098,0,0,0,0,0
27.87405204772949,0,0,0,0.08060288429260254,0,0,0,0,0
27.9577910900116,0,0,0,0.08373904228210449,0,0,0,0,0
28.04273509979248,0,0,0,0.08494400978088379,0,0,0,0,0
28.13300919532776,0,0,0,0.09027409553527832,0,0,0,0,0
28.21273922920227,0,0,0,0.07973003387451172,0,0,0,0,0
28.29789519309998,0,0,0,0.08515596389770508,0,0,0,0,0
28.38071203231812,0,0,0,0.08281683921813965,0,0,0,0,0
28.46204400062561,0,0,0,0.08133196830749512,0,0,0,0,0
28.5501971244812,0,0,0,0.08815312385559082,0,0,0,0,0
28.63253808021545,0,0,0,0.08234095573425293,0,0,0,0,0
28.71887302398682,50,0,0,0.0863349437713623,1,0,0,0,0
28.80391120910645,50,0,0,0.08503818511962891,1,0,0,0,0
28.88743114471436,50,0,0,0.08351993560791016,1,0,0,0,0
28.98143005371094,50,0,0,0.09399890899658203,1,0,0,0,0
29.07492899894715,50,0,0,0.09349894523620605,1,0,0,0,0
29.16481113433838,50,0,0,0.08988213539123535,1,0,0,0,0
29.2932710647583,50,0,0,0.1284599304199219,1,0,0,0,0
29.41984105110169,50,0,0,0.1265699863433838,1,0,0,0,0
29.52797508239746,50,0,0,0.1081340312957764,1,0,0,0,0
29.64059615135193,50,0,0,0.1126210689544678,1,0,0,0,0
29.75858616828919,50,0,0,0.1179900169372559,1,0,0,0,0
29.86738204956055,50,0,0,0.1087958812713623,1,0,0,0,0
29.97084403038025,50,0,0,0.1034619808197021,1,0,0,0,0
30.07864618301392,50,0,0,0.107802152633667,1,0,0,0,0
30.19069504737854,50,0,0,0.112048864364624,1,0,0,0,0
30.29458522796631,50,0,0,0.1038901805877686,1,0,0,0,0
30.4040322303772,50,0,0,0.1094470024108887,1,0,0,0,0
30.50737023353577,50,0,0,0.1033380031585693,1,0,0,0,0
30.61739921569824,50,0,0,0.1100289821624756,1,0,0,0,0
30.71722722053528,50,0,0,0.09982800483703613,1,0,0,0,0
30.80682802200318,50,0,0,0.08960080146789551,1,0,0,0,0
30.89715600013733,50,0,0,0.09032797813415527,1,0,0,0,0
30.98945212364197,50,0,0,0.09229612350463867,1,0,0,0,0
31.08054304122925,50,0,0,0.09109091758728027,1,0,0,0,0
31.17295718193054,50,0,0,0.09241414070129395,1,0,0,0,0
31.2601261138916,50,0,0,0.08716893196105957,1,0,0,0,0
31.35574817657471,50,0,0,0.09562206268310547,1,0,0,0,0
31.44462323188782,50,0,0,0.08887505531311035,1,0,0,0,0
31.53248405456543,50,0,0,0.0878608226776123,1,0,0,0,0
31.61864304542542,50,0,0,0.08615899085998535,1,0,0,0,0
31.70974016189575,50,0,0,0.09109711647033691,1,0,0,0,0
31.81121706962585,50,0,0,0.1014769077301025,1,0,0,0,0
31.89880013465881,50,50,0,0.08758306503295898,1,0,0,1,0
31.98918223381042,0,50,0,0.09038209915161133,0,0,0,1,0
32.08337807655335,0,50,0,0.09419584274291992,0,0,0,1,0
32.18127107620239,0,50,0,0.09789299964904785,0,0,0,1,0
32.27257919311524,0,50,0,0.0913081169128418,0,0,0,1,0
32.35785603523254,0,50,0,0.08527684211730957,0,0,0,1,0
32.44727206230164,0,50,0,0.0894160270690918,0,0,0,1,0
32.53508520126343,0,50,0,0.08781313896179199,0,0,0,1,0
32.62703704833985,0,50,0,0.09195184707641602,0,0,0,1,0
32.71584916114807,0,50,0,0.08881211280822754,0,0,0,1,0
32.80502915382385,0,50,0,0.08917999267578125,0,0,0,1,0
32.89333510398865,0,50,0,0.08830595016479492,0,0,0,1,0
32.98860907554626,0,50,0,0.09527397155761719,0,0,0,1,0
33.0812680721283,0,0,1,0.09265899658203125,0,50,0,0,0
33.16796922683716,0,0,1,0.0867011547088623,0,50,0,0,0
33.26215720176697,0,0,1,0.09418797492980957,0,50,0,0,0
33.35524320602417,0,0,1,0.09308600425720215,0,50,0,0,0
33.44782400131226,0,0,1,0.09258079528808594,0,50,0,0,0
33.53719115257263,0,0,1,0.08936715126037598,0,50,0,0,0
33.6269211769104,0,0,1,0.08973002433776855,0,50,0,0,0
33.71706700325012,0,0,1,0.09014582633972168,0,50,0,0,0
33.80932521820069,0,0,1,0.09225821495056152,0,50,0,0,0
33.89961719512939,0,0,1,0.09029197692871094,0,50,0,0,0
33.98759317398071,0,0,1,0.08797597885131836,0,50,0,0,0
34.08100605010986,0,0,1,0.09341287612915039,0,50,0,0,0
34.17876100540161,50,0,1,0.09775495529174805,1,50,0,0,0
34.27106213569641,50,0,0,0.0923011302947998,1,0,0,0,0
34.36013102531433,50,0,0,0.08906888961791992,1,0,0,0,0
34.45068621635437,50,0,0,0.09055519104003906,1,0,0,0,0
34.53905510902405,50,0,0,0.08836889266967773,1,0,0,0,0
34.63776302337647,50,0,0,0.09870791435241699,1,0,0,0,0
34.72400617599487,50,0,0,0.0862431526184082,1,0,0,0,0
34.81490111351013,50,0,0,0.09089493751525879,1,0,0,0,0
34.91499304771423,50,0,0,0.1000919342041016,1,0,0,0,0
35.0076642036438,50,0,0,0.09267115592956543,1,0,0,0,0
35.09940719604492,50,50,0,0.09174299240112305,1,0,0,1,0
35.19136905670166,0,50,0,0.09196186065673828,0,0,0,1,0
35.28258705139161,0,50,0,0.09121799468994141,0,0,0,1,0
35.37778210639954,0,50,0,0.09519505500793457,0,0,0,1,0
35.46467208862305,0,50,0,0.08688998222351074,0,0,0,1,0
35.5558660030365,0,50,0,0.09119391441345215,0,0,0,1,0
35.64871716499329,0,50,0,0.09285116195678711,0,0,0,1,0
35.73376822471619,0,50,0,0.08505105972290039,0,0,0,1,0
35.82947707176209,0,50,1,0.09570884704589844,0,50,0,1,0
35.92062306404114,0,0,1,0.09114599227905273,0,50,0,0,0
36.01001501083374,0,0,1,0.08939194679260254,0,50,0,0,0
36.10364413261414,0,0,1,0.09362912178039551,0,50,0,0,0
36.20355415344239,0,0,1,0.09991002082824707,0,50,0,0,0
36.29503512382508,0,0,1,0.09148097038269043,0,50,0,0,0
36.38510322570801,0,50,0,0.09006810188293457,0,0,0,1,0
36.48934507369995,0,50,0,0.1042418479919434,0,0,0,1,0
36.59720921516419,0,50,0,0.1078641414642334,0,0,0,1,0
36.68885207176209,0,50,0,0.09164285659790039,0,0,0,1,0
36.77886915206909,0,0,1,0.09001708030700684,0,50,0,0,0
36.86654400825501,0,0,1,0.08767485618591309,0,50,0,0,0
36.96271800994873,0,0,1,0.09617400169372559,0,50,0,0,0
37.05145502090454,0,0,1,0.08873701095581055,0,50,0,0,0
37.14388704299927,0,50,1,0.09243202209472656,0,50,0,1,0
37.239981174469,0,50,0,0.09609413146972656,0,0,0,1,0
37.32383608818054,0,0,0,0.08385491371154785,0,0,0,0,0
37.41171908378601,0,0,0,0.08788299560546875,0,0,0,0,0
37.49866700172424,0,0,0,0.08694791793823242,0,0,0,0,0
37.57780814170838,0,0,0,0.07914113998413086,0,0,0,0,0
37.66279220581055,0,0,0,0.08498406410217285,0,0,0,0,0
37.7445330619812,0,0,0,0.0817408561706543,0,0,0,0,0
37.83186221122742,0,0,0,0.08732914924621582,0,0,0,0,0
37.91702914237976,0,0,0,0.08516693115234375,0,0,0,0,0
37.99684500694275,0,0,0,0.07981586456298828,0,0,0,0,0
38.07721209526062,0,0,0,0.08036708831787109,0,0,0,0,0
38.16774702072144,0,0,0,0.09053492546081543,0,0,0,0,0
38.24986004829407,0,0,0,0.08211302757263184,0,0,0,0,0
38.33372306823731,0,0,0,0.0838630199432373,0,0,0,0,0
38.41524314880371,0,0,0,0.08152008056640625,0,0,0,0,0
38.49711203575135,0,0,0,0.08186888694763184,0,0,0,0,0
38.58749723434448,0,0,0,0.09038519859313965,0,0,0,0,0
38.67371010780335,0,0,0,0.0862128734588623,0,0,0,0,0
38.75781011581421,0,0,0,0.08410000801086426,0,0,0,0,0
38.84055900573731,0,0,0,0.0827488899230957,0,0,0,0,0
38.92253708839417,0,0,0,0.08197808265686035,0,0,0,0,0
39.00906205177307,0,0,0,0.08652496337890625,0,0,0,0,0
39.09076309204102,0,0,0,0.08170104026794434,0,0,0,0,0
39.17769408226013,0,0,0,0.08693099021911621,0,0,0,0,0
39.25992417335511,0,0,0,0.0822300910949707,0,0,0,0,0
39.34334111213684,0,50,0,0.08341693878173828,0,0,0,1,0
39.43716716766358,0,50,0,0.0938260555267334,0,0,0,1,0
39.52209901809693,0,50,0,0.08493185043334961,0,0,0,1,0
39.62285017967224,0,50,0,0.1007511615753174,0,0,0,1,0
39.72708821296692,0,50,0,0.1042380332946777,0,0,0,1,0
39.82356810569764,0,50,0,0.09647989273071289,0,0,0,1,0
39.91891622543335,0,50,0,0.09534811973571777,0,0,0,1,0
40.00686717033386,0,50,0,0.0879509449005127,0,0,0,1,0
40.09126114845276,0,50,0,0.08439397811889648,0,0,0,1,0
40.19057822227478,0,50,0,0.09931707382202148,0,0,0,1,0
40.27726817131042,0,50,0,0.08668994903564453,0,0,0,1,0
40.36327505111695,0,0,0,0.08600687980651855,0,0,0,0,0
40.44250416755676,0,0,0,0.07922911643981934,0,0,0,0,0
40.52508807182313,0,0,0,0.08258390426635742,0,0,0,0,0
40.61646604537964,50,0,0,0.09137797355651855,1,0,0,0,0
40.70710706710815,50,0,0,0.09064102172851563,1,0,0,0,0
40.79185700416565,50,0,0,0.08474993705749512,1,0,0,0,0
40.88270306587219,50,0,0,0.09084606170654297,1,0,0,0,0
40.97738218307495,50,0,0,0.09467911720275879,1,0,0,0,0
41.06255912780762,50,0,0,0.08517694473266602,1,0,0,0,0
41.15683603286743,50,0,0,0.09427690505981445,1,0,0,0,0
41.24677515029908,50,0,0,0.08993911743164063,1,0,0,0,0
41.33212423324585,50,0,0,0.08534908294677734,1,0,0,0,0
41.42282700538636,50,0,0,0.09070277214050293,1,0,0,0,0
41.50937414169312,0,0,0,0.0865471363067627,0,0,0,0,0
41.59080505371094,0,0,0,0.08143091201782227,0,0,0,0,0
41.67491602897644,0,0,0,0.08411097526550293,0,0,0,0,0
41.76491212844849,0,0,0,0.0899960994720459,0,0,0,0,0
41.8508780002594,0,0,0,0.08596587181091309,0,0,0,0,0
41.93483018875122,0,50,0,0.08395218849182129,0,0,0,1,0
42.02015709877014,0,50,0,0.0853269100189209,0,0,0,1,0
42.10866403579712,0,50,0,0.08850693702697754,0,0,0,1,0
42.2096951007843,0,50,0,0.1010310649871826,0,0,0,1,0
42.30019903182984,0,50,0,0.09050393104553223,0,0,0,1,0
42.38824319839478,0,50,0,0.08804416656494141,0,0,0,1,0
42.47761511802674,0,50,0,0.08937191963195801,0,0,0,1,0
42.56526923179627,0,50,0,0.08765411376953125,0,0,0,1,0
42.65953612327576,0,50,0,0.09426689147949219,0,0,0,1,0
42.76382303237916,0,0,0,0.1042869091033936,0,0,0,0,0
42.84935212135315,0,0,0,0.08552908897399902,0,0,0,0,0
42.93117713928223,0,0,0,0.08182501792907715,0,0,0,0,0
43.01856708526612,0,0,0,0.08738994598388672,0,0,0,0,0
43.10144710540771,0,0,0,0.08288002014160156,0,0,0,0,0
43.19349002838135,50,0,0,0.09204292297363281,1,0,0,0,0
43.28109502792358,50,0,0,0.08760499954223633,1,0,0,0,0
43.36963510513306,50,0,0,0.08854007720947266,1,0,0,0,0
43.46015000343323,50,0,0,0.0905148983001709,1,0,0,0,0
43.54922223091125,50,0,0,0.08907222747802734,1,0,0,0,0
43.63322114944459,50,0,0,0.0839989185333252,1,0,0,0,0
43.72530913352967,50,0,0,0.09208798408508301,1,0,0,0,0
43.81819415092468,50,0,0,0.09288501739501953,1,0,0,0,0
43.90788817405701,50,0,0,0.08969402313232422,1,0,0,0,0
43.99051713943481,50,0,0,0.08262896537780762,1,0,0,0,0
44.08323621749878,50,0,0,0.09271907806396484,1,0,0,0,0
44.16867899894714,50,0,0,0.08544278144836426,1,0,0,0,0
44.26997423171997,50,0,0,0.1012952327728271,1,0,0,0,0
44.36096906661987,50,0,0,0.09099483489990234,1,0,0,0,0
44.44764614105225,50,0,0,0.08667707443237305,1,0,0,0,0
44.53522300720215,50,50,0,0.08757686614990234,1,0,0,1,0
44.64127421379089,0,50,0,0.1060512065887451,0,0,0,1,0
44.73339009284973,0,50,0,0.09211587905883789,0,0,0,1,0
44.82674217224122,0,50,0,0.09335207939147949,0,0,0,1,0
44.92128109931946,0,50,0,0.09453892707824707,0,0,0,1,0
45.02700710296631,0,50,0,0.1057260036468506,0,0,0,1,0
45.11347603797913,0,50,0,0.08646893501281738,0,0,0,1,0
45.20728921890259,0,50,0,0.09381318092346191,0,0,0,1,0
45.294025182724,0,50,0,0.08673596382141113,0,0,0,1,0
45.38907217979431,0,50,0,0.0950469970703125,0,0,0,1,0
45.47922515869141,0,50,0,0.09015297889709473,0,0,0,1,0
45.56378507614136,0,50,0,0.08455991744995117,0,0,0,1,0
45.66096115112305,0,50,0,0.09717607498168945,0,0,0,1,0
45.78964304924011,0,50,0,0.1286818981170654,0,0,0,1,0
45.98582005500794,0,50,0,0.1961770057678223,0,0,0,1,0
46.14770007133484,0,50,0,0.1618800163269043,0,0,0,1,0
46.24962115287781,0,50,0,0.1019210815429688,0,0,0,1,0
46.33422708511353,0,50,0,0.08460593223571777,0,0,0,1,0
46.42469501495362,0,50,0,0.09046792984008789,0,0,0,1,0
46.51317310333252,0,50,0,0.08847808837890625,0,0,0,1,0
46.6188280582428,0,50,0,0.1056549549102783,0,0,0,1,0
46.70725917816163,0,50,0,0.08843111991882324,0,0,0,1,0
46.80473518371582,0,50,0,0.09747600555419922,0,0,0,1,0
46.89303112030029,0,50,0,0.08829593658447266,0,0,0,1,0
46.98264408111572,0,50,0,0.08961296081542969,0,0,0,1,0
47.07709002494812,0,50,0,0.09444594383239746,0,0,0,1,0
47.16382503509521,0,50,0,0.08673501014709473,0,0,0,1,0
47.28344011306763,0,50,0,0.1196150779724121,0,0,0,1,0
47.39401412010193,0,50,0,0.1105740070343018,0,0,0,1,0
47.51797509193421,0,50,0,0.1239609718322754,0,0,0,1,0
47.63327622413636,0,50,0,0.1153011322021484,0,0,0,1,0
47.74900722503662,0,50,0,0.1157310009002686,0,0,0,1,0
47.87292909622193,0,50,0,0.1239218711853027,0,0,0,1,0
48.01072216033936,0,50,0,0.1377930641174316,0,0,0,1,0
48.13356614112855,0,50,0,0.1228439807891846,0,0,0,1,0
48.24003005027771,0,50,0,0.1064639091491699,0,0,0,1,0
48.33126902580261,0,50,0,0.09123897552490234,0,0,0,1,0
48.42136406898499,0,50,0,0.09009504318237305,0,0,0,1,0
48.50779104232789,0,50,0,0.08642697334289551,0,0,0,1,0
48.6078600883484,0,50,0,0.1000690460205078,0,0,0,1,0
48.7007040977478,50,0,0,0.09284400939941406,1,0,0,0,0
48.78914213180543,50,0,0,0.08843803405761719,1,0,0,0,0
48.87926816940308,50,0,0,0.09012603759765625,1,0,0,0,0
48.99267816543579,50,0,0,0.1134099960327148,1,0,0,0,0
49.10922503471375,50,0,0,0.1165468692779541,1,0,0,0,0
49.21366119384766,50,0,0,0.1044361591339111,1,0,0,0,0
49.31212711334229,50,0,0,0.09846591949462891,1,0,0,0,0
49.41010308265686,50,0,0,0.0979759693145752,1,0,0,0,0
49.50120902061463,50,0,0,0.09110593795776367,1,0,0,0,0
49.58955717086792,50,0,0,0.0883481502532959,1,0,0,0,0
49.6766381263733,50,0,0,0.08708095550537109,1,0,0,0,0
49.77000904083252,50,50,0,0.09337091445922852,1,0,0,1,0
49.87052202224731,50,50,0,0.1005129814147949,1,0,0,1,0
49.97682714462281,50,50,0,0.1063051223754883,1,0,0,1,0
50.0709080696106,50,50,0,0.09408092498779297,1,0,0,1,0
50.16202902793885,50,50,0,0.09112095832824707,1,0,0,1,0
50.26099610328675,50,50,0,0.09896707534790039,1,0,0,1,0
50.35681200027466,50,50,0,0.09581589698791504,1,0,0,1,0
50.45070719718933,50,50,0,0.09389519691467285,1,0,0,1,0
50.54355216026306,50,50,0,0.09284496307373047,1,0,0,1,0
50.64370822906494,50,50,0,0.1001560688018799,1,0,0,1,0
50.73922419548035,50,50,0,0.09551596641540527,1,0,0,1,0
50.83000016212464,50,50,0,0.09077596664428711,1,0,0,1,0
50.92485022544861,50,50,0,0.09485006332397461,1,0,50,1,1
51.03491401672364,50,50,0,0.1100637912750244,1,0,50,1,1
51.12976121902467,50,50,0,0.09484720230102539,1,0,50,1,1
51.22908306121826,50,50,0,0.09932184219360352,1,0,50,1,1
51.33095502853394,50,50,0,0.1018719673156738,1,0,50,1,1
51.43328404426575,50,50,0,0.1023290157318115,1,0,50,1,1
51.52893614768982,50,50,0,0.09565210342407227,1,0,50,1,1
51.62217116355897,50,50,0,0.09323501586914063,1,0,50,1,1
51.72126412391663,50,50,0,0.09909296035766602,1,0,50,1,1
51.82775306701661,50,50,0,0.1064889430999756,1,0,0,1,0
51.92099118232727,50,50,0,0.09323811531066895,1,0,0,1,0
52.01246500015259,50,50,0,0.09147381782531738,1,0,0,1,0
52.10221314430237,0,0,0,0.08974814414978027,0,0,0,0,0
52.18817901611328,0,0,0,0.08596587181091309,0,0,0,0,0
52.31878018379212,0,0,0,0.130601167678833,0,0,0,0,0
52.4114260673523,0,0,0,0.09264588356018066,0,0,0,0,0
52.51706910133362,0,0,0,0.1056430339813232,0,0,0,0,0
52.62469911575318,0,0,0,0.1076300144195557,0,0,0,0,0
52.73321604728699,0,0,0,0.1085169315338135,0,0,0,0,0
52.83673405647278,0,0,0,0.103518009185791,0,0,0,0,0
52.96930623054505,0,0,0,0.1325721740722656,0,0,0,0,0
53.07324719429016,0,0,0,0.1039409637451172,0,0,0,0,0
53.16510200500488,0,0,0,0.09185481071472168,0,0,0,0,0
53.25933313369752,0,0,0,0.09423112869262695,0,0,0,0,0
53.34585618972778,0,0,0,0.08652305603027344,0,0,0,0,0
53.43583607673645,0,0,0,0.08997988700866699,0,0,0,0,0
53.5200002193451,0,0,0,0.08416414260864258,0,0,0,0,0
53.60479521751405,0,0,0,0.08479499816894531,0,0,0,0,0
53.68909502029419,0,0,0,0.08429980278015137,0,0,0,0,0
53.77151823043824,0,0,0,0.08242321014404297,0,0,0,0,0
53.86129522323609,0,0,0,0.08977699279785156,0,0,0,0,0
53.94245719909669,0,0,0,0.0811619758605957,0,0,0,0,0
54.025306224823,0,0,0,0.08284902572631836,0,0,0,0,0
54.10783100128175,0,0,0,0.08252477645874023,0,0,0,0,0
54.19003105163575,0,0,0,0.08220005035400391,0,0,0,0,0
54.30656909942627,0,0,0,0.1165380477905273,0,0,0,0,0
54.40355610847473,0,0,0,0.09698700904846191,0,0,0,0,0
54.50724601745605,0,0,0,0.1036899089813232,0,0,0,0,0
54.60784220695496,0,0,0,0.1005961894989014,0,0,0,0,0
54.72146606445313,0,0,0,0.1136238574981689,0,0,0,0,0
54.84908318519593,0,0,0,0.1276171207427979,0,0,0,0,0
54.9712610244751,0,0,0,0.1221778392791748,0,0,0,0,0
55.07191705703736,0,0,0,0.1006560325622559,0,0,0,0,0
55.1536500453949,0,0,0,0.08173298835754395,0,0,0,0,0
55.2374370098114,0,0,0,0.08378696441650391,0,0,0,0,0
55.32395911216736,0,0,0,0.08652210235595703,0,0,0,0,0
55.40975117683411,0,0,0,0.08579206466674805,0,0,0,0,0
55.4987211227417,0,0,0,0.08896994590759277,0,0,0,0,0
55.57716417312623,0,0,0,0.07844305038452148,0,0,0,0,0
55.65935301780701,0,0,0,0.08218884468078613,0,0,0,0,0
55.7427282333374,0,0,0,0.08337521553039551,0,0,0,0,0
55.82905220985413,0,0,0,0.08632397651672363,0,0,0,0,0
55.91111612319946,0,0,0,0.08206391334533691,0,0,0,0,0
55.99726700782776,0,0,0,0.0861508846282959,0,0,0,0,0
56.08120107650757,0,0,0,0.08393406867980957,0,0,0,0,0
56.17122507095337,0,0,0,0.09002399444580078,0,0,0,0,0
56.27356910705567,0,0,0,0.1023440361022949,0,0,0,0,0
56.3596830368042,0,0,0,0.08611392974853516,0,0,0,0,0
56.44496107101441,0,0,0,0.08527803421020508,0,0,0,0,0
56.52922201156617,0,0,0,0.08426094055175781,0,0,0,0,0
56.61170220375062,0,0,0,0.08248019218444824,0,0,0,0,0
56.69946503639221,0,0,0,0.08776283264160156,0,0,0,0,0
56.79063415527344,0,50,0,0.09116911888122559,0,0,0,1,0
56.87784814834595,0,50,0,0.08721399307250977,0,0,0,1,0
56.96402120590211,0,50,0,0.08617305755615234,0,0,0,1,0
57.06266021728516,0,50,0,0.09863901138305664,0,0,0,1,0
57.15076422691346,0,50,0,0.0881040096282959,0,0,0,1,0
57.26382422447205,50,50,0,0.1130599975585938,1,0,0,1,0
57.38313317298889,50,50,0,0.1193089485168457,1,0,0,1,0
57.50662016868592,50,50,0,0.1234869956970215,1,0,0,1,0
57.62017703056336,50,50,0,0.1135568618774414,1,0,0,1,0
57.74224019050599,50,50,0,0.122063159942627,1,0,0,1,0
57.87973117828369,50,50,0,0.13749098777771,1,0,0,1,0
58.00856518745423,50,0,1,0.1288340091705322,1,50,0,0,0
58.10937213897706,50,0,1,0.1008069515228271,1,50,0,0,0
58.20688700675965,50,0,1,0.09751486778259277,1,50,0,0,0
58.30821013450623,50,0,1,0.101323127746582,1,50,0,0,0
58.40470218658448,50,0,1,0.09649205207824707,1,50,0,0,0
58.4979591369629,50,0,1,0.09325695037841797,1,50,0,0,0
58.58914613723755,50,0,1,0.0911870002746582,1,50,0,0,0
58.68536114692688,0,0,1,0.09621500968933105,0,50,0,0,0
58.78072214126587,0,0,1,0.09536099433898926,0,50,50,0,1
58.87363314628601,0,0,0,0.0929110050201416,0,0,50,0,1
58.96467709541321,0,0,0,0.09104394912719727,0,0,50,0,1
59.05922508239747,0,0,0,0.09454798698425293,0,0,50,0,1
59.15098404884339,0,0,0,0.09175896644592285,0,0,50,0,1
59.23940515518189,0,0,0,0.08842110633850098,0,0,50,0,1
59.32502007484437,0,50,0,0.08561491966247559,0,0,0,1,0
59.41737222671509,0,50,0,0.09235215187072754,0,0,0,1,0
59.51332211494446,50,50,0,0.09594988822937012,1,0,0,1,0
59.60353922843933,50,0,0,0.09021711349487305,1,0,0,0,0
59.71141719818116,0,0,1,0.1078779697418213,0,50,0,0,0
59.81663513183594,0,0,1,0.1052179336547852,0,50,50,0,1
59.9152660369873,0,50,0,0.09863090515136719,0,0,50,1,1
60.00943803787232,0,50,0,0.09417200088500977,0,0,0,1,0
60.10470509529114,50,0,0,0.09526705741882324,1,0,0,0,0
60.19534516334534,50,0,0,0.09064006805419922,1,0,0,0,0
60.29359507560731,0,0,1,0.09824991226196289,0,50,0,0,0
60.38788104057312,0,0,0,0.09428596496582031,0,0,50,0,1
60.4792001247406,0,50,0,0.09131908416748047,0,0,0,1,0
60.57109212875367,50,0,0,0.09189200401306152,1,0,0,0,0
60.67355513572693,0,0,1,0.1024630069732666,0,50,0,0,0
60.76396417617798,0,0,1,0.0904090404510498,0,50,0,0,0
60.8568720817566,0,0,1,0.09290790557861328,0,50,50,0,1
60.94683814048768,0,50,0,0.0899660587310791,0,0,0,1,0
61.04359817504883,50,0,0,0.09676003456115723,1,0,0,0,0
61.13096523284913,50,0,0,0.08736705780029297,1,0,0,0,0
61.22058820724487,0,0,1,0.08962297439575195,0,50,0,0,0
61.30899906158447,0,0,1,0.08841085433959961,0,50,50,0,1
61.4027271270752,0,50,0,0.09372806549072266,0,0,50,1,1
61.50316214561463,0,50,0,0.1004350185394287,0,0,0,1,0
61.59331107139588,50,0,0,0.09014892578125,1,0,0,0,0
61.67951011657715,50,0,0,0.08619904518127441,1,0,0,0,0
61.77765917778015,0,0,1,0.09814906120300293,0,50,0,0,0
61.87255811691284,0,0,0,0.09489893913269043,0,0,50,0,1
61.9610562324524,0,50,0,0.08849811553955078,0,0,0,1,0
62.05401611328125,0,50,0,0.09295988082885742,0,0,0,1,0
62.14725613594055,50,0,1,0.09324002265930176,1,50,0,0,0
62.24762701988221,0,0,1,0.1003708839416504,0,50,0,0,0
62.33946609497071,0,0,1,0.09183907508850098,0,50,50,0,1
62.43357801437378,0,50,0,0.09411191940307617,0,0,50,1,1
62.52532315254212,0,50,0,0.09174513816833496,0,0,0,1,0
62.61744904518128,50,0,0,0.09212589263916016,1,0,0,0,0
62.71679902076722,50,0,1,0.0993499755859375,1,50,0,0,0
62.80862021446229,0,0,1,0.09182119369506836,0,50,0,0,0
62.89785909652711,0,0,1,0.08923888206481934,0,50,0,0,0
63.01003503799439,0,0,1,0.1121759414672852,0,50,0,0,0
63.11750221252442,0,0,0,0.1074671745300293,0,0,50,0,1
63.2093071937561,0,0,0,0.09180498123168945,0,0,50,0,1
63.30068016052246,0,0,0,0.09137296676635742,0,0,50,0,1
63.38929510116578,0,0,0,0.08861494064331055,0,0,50,0,1
63.49101114273072,0,0,0,0.1017160415649414,0,0,50,0,1
63.57792019844055,0,0,0,0.08690905570983887,0,0,50,0,1
63.66489720344544,0,0,0,0.08697700500488281,0,0,50,0,1
63.75574111938477,0,0,0,0.09084391593933105,0,0,50,0,1
63.84937906265259,0,0,0,0.09363794326782227,0,0,50,0,1
63.93729305267335,0,0,0,0.08791399002075195,0,0,50,0,1
64.02698016166688,0,0,0,0.08968710899353027,0,0,50,0,1
64.11467313766479,0,0,0,0.0876929759979248,0,0,50,0,1
64.20672702789307,0,50,0,0.09205389022827148,0,0,0,1,0
64.30380010604859,0,50,0,0.09707307815551758,0,0,0,1,0
64.39149713516236,0,50,0,0.08769702911376953,0,0,0,1,0
64.48456001281738,0,50,0,0.0930628776550293,0,0,0,1,0
64.57361006736756,0,50,0,0.0890500545501709,0,0,0,1,0
64.66913819313049,0,50,0,0.09552812576293945,0,0,0,1,0
64.75913214683533,0,50,0,0.08999395370483398,0,0,0,1,0
64.84997320175172,0,50,0,0.09084105491638184,0,0,0,1,0
64.93863010406494,0,50,0,0.08865690231323242,0,0,0,1,0
65.02498817443848,0,50,1,0.08635807037353516,0,50,0,1,0
65.1348261833191,0,0,1,0.1098380088806152,0,50,0,0,0
65.22646117210389,0,0,1,0.09163498878479004,0,50,0,0,0
65.31954216957093,0,0,1,0.09308099746704102,0,50,0,0,0
65.41057705879211,0,0,1,0.09103488922119141,0,50,0,0,0
65.51223611831666,0,0,1,0.1016590595245361,0,50,0,0,0
65.60351014137268,0,0,1,0.09127402305603027,0,50,0,0,0
65.6889750957489,0,0,1,0.0854649543762207,0,50,0,0,0
65.77878713607788,0,0,0,0.08981204032897949,0,0,0,0,0
65.86660909652711,0,0,0,0.08782196044921875,0,0,0,0,0
65.94928312301636,0,0,0,0.08267402648925781,0,0,0,0,0
66.03385710716248,0,0,0,0.08457398414611816,0,0,0,0,0
66.11722517013551,0,0,0,0.08336806297302246,0,0,0,0,0
66.1957950592041,0,0,0,0.07856988906860352,0,0,0,0,0
66.28577709197998,0,0,0,0.08998203277587891,0,0,0,0,0
66.37100601196289,0,0,0,0.08522891998291016,0,0,0,0,0
66.47213220596313,0,0,0,0.1011261940002441,0,0,0,0,0
66.57398509979249,0,0,1,0.1018528938293457,0,50,0,0,0
66.6835470199585,0,0,1,0.1095619201660156,0,50,0,0,0
66.78956508636475,0,0,1,0.10601806640625,0,50,0,0,0
66.87962102890015,0,0,1,0.09005594253540039,0,50,0,0,0
66.96771407127381,0,0,1,0.08809304237365723,0,50,0,0,0
67.06111216545105,0,0,1,0.09339809417724609,0,50,0,0,0
67.14793109893799,0,0,1,0.08681893348693848,0,50,0,0,0
67.23934221267701,0,0,1,0.09141111373901367,0,50,0,0,0
67.32983803749085,0,0,1,0.09049582481384277,0,50,0,0,0
67.41775107383728,0,0,1,0.08791303634643555,0,50,0,0,0
67.52124309539795,0,0,1,0.1034920215606689,0,50,0,0,0
67.61088109016419,0,0,1,0.08963799476623535,0,50,0,0,0
67.69916105270386,0,0,1,0.08827996253967285,0,50,0,0,0
67.79124712944031,0,0,1,0.0920860767364502,0,50,0,0,0
67.88370418548585,0,0,1,0.09245705604553223,0,50,0,0,0
67.97189903259278,0,0,1,0.08819484710693359,0,50,0,0,0
68.06057906150818,0,50,0,0.08868002891540527,0,0,0,1,0
68.14782619476318,0,50,0,0.08724713325500488,0,0,0,1,0
68.2378261089325,0,50,0,0.08999991416931152,0,0,0,1,0
68.33686709403992,0,50,0,0.09904098510742188,0,0,0,1,0
68.42987322807312,0,50,0,0.09300613403320313,0,0,0,1,0
68.52141404151917,0,50,0,0.09154081344604492,0,0,0,1,0
68.60924410820008,0,50,0,0.0878300666809082,0,0,0,1,0
68.70328307151794,0,50,0,0.09403896331787109,0,0,0,1,0
68.79505014419556,0,50,0,0.0917670726776123,0,0,0,1,0
68.88126921653748,0,0,0,0.08621907234191895,0,0,0,0,0
68.96862006187439,50,0,0,0.08735084533691406,1,0,0,0,0
69.06273102760315,50,0,0,0.09411096572875977,1,0,0,0,0
69.14747309684754,50,0,0,0.08474206924438477,1,0,0,0,0
69.23707604408264,50,0,0,0.08960294723510742,1,0,0,0,0
69.32718300819397,50,0,0,0.09010696411132813,1,0,0,0,0
69.41384005546571,50,0,0,0.08665704727172852,1,0,0,0,0
69.51685500144959,50,0,0,0.1030149459838867,1,0,0,0,0
69.60703611373901,50,0,0,0.09018111228942871,1,0,0,0,0
69.69169020652771,50,0,0,0.08465409278869629,1,0,0,0,0
69.78121805191041,50,0,0,0.08952784538269043,1,0,0,0,0
69.87918019294739,50,0,0,0.0979621410369873,1,0,0,0,0
69.96514511108399,50,0,0,0.08596491813659668,1,0,0,0,0
70.0551130771637,50,50,0,0.08996796607971191,1,0,0,1,0
70.1534481048584,0,50,0,0.09833502769470215,0,0,0,1,0
70.24490904808045,0,50,0,0.0914609432220459,0,0,0,1,0
70.33919405937195,0,50,0,0.09428501129150391,0,0,0,1,0
70.42978215217591,0,50,0,0.09058809280395508,0,0,0,1,0
70.52341413497925,0,50,0,0.09363198280334473,0,0,0,1,0
70.61152410507202,0,50,0,0.08810997009277344,0,0,0,1,0
70.70939421653748,0,50,0,0.0978701114654541,0,0,0,1,0
70.79819011688233,0,50,0,0.08879590034484863,0,0,0,1,0
70.88762211799622,0,50,0,0.0894320011138916,0,0,0,1,0
70.97879123687744,0,50,0,0.09116911888122559,0,0,0,1,0
71.07279300689697,0,50,0,0.09400177001953125,0,0,0,1,0
71.16008400917053,0,50,0,0.08729100227355957,0,0,0,1,0
71.25083518028259,0,50,0,0.09075117111206055,0,0,0,1,0
71.33881306648255,0,50,0,0.08797788619995117,0,0,0,1,0
71.42902517318726,0,50,0,0.09021210670471191,0,0,0,1,0
71.53247809410096,0,50,0,0.1034529209136963,0,0,0,1,0
71.62277722358704,0,50,0,0.09029912948608398,0,0,0,1,0
71.70855402946472,0,50,0,0.08577680587768555,0,0,0,1,0
71.80389404296875,0,50,0,0.09534001350402832,0,0,0,1,0
71.89889407157898,0,50,0,0.09500002861022949,0,0,0,1,0
71.98968315124512,0,50,0,0.0907890796661377,0,0,0,1,0
72.07533001899719,0,50,0,0.0856468677520752,0,0,0,1,0
72.16650819778443,0,0,0,0.09117817878723145,0,0,50,0,1
72.25856018066406,0,0,0,0.09205198287963867,0,0,50,0,1
72.37112212181092,0,0,0,0.1125619411468506,0,0,50,0,1
72.47096610069275,0,0,0,0.09984397888183594,0,0,50,0,1
72.5630111694336,0,0,0,0.09204506874084473,0,0,0,0,0
72.64874005317688,0,0,0,0.08572888374328613,0,0,0,0,0
72.73509001731873,0,0,0,0.0863499641418457,0,0,0,0,0
72.81952118873597,0,0,0,0.08443117141723633,0,0,0,0,0
72.90209817886353,0,0,0,0.08257699012756348,0,0,0,0,0
72.98504114151001,0,0,0,0.08294296264648438,0,0,50,0,1
73.07933521270752,0,0,0,0.09429407119750977,0,0,50,0,1
73.16528511047363,0,0,0,0.08594989776611328,0,0,50,0,1
73.25525903701783,0,0,0,0.08997392654418945,0,0,50,0,1
73.34169912338258,0,0,0,0.08644008636474609,0,0,50,0,1
73.43285012245179,0,50,0,0.09115099906921387,0,0,50,1,1
73.53751111030579,0,50,0,0.1046609878540039,0,0,0,1,0
73.62793207168579,0,50,0,0.09042096138000488,0,0,0,1,0
73.71473217010498,0,0,1,0.08680009841918945,0,50,0,0,0
73.80722522735596,0,0,1,0.09249305725097656,0,50,0,0,0
73.90011620521546,0,0,1,0.09289097785949707,0,50,0,0,0
73.99070310592652,50,0,1,0.09058690071105957,1,50,0,0,0
74.08154702186585,50,0,0,0.09084391593933105,1,0,0,0,0
74.17149019241333,50,0,0,0.08994317054748535,1,0,0,0,0
74.26014018058777,0,50,0,0.08864998817443848,0,0,0,1,0
74.35656213760376,0,50,0,0.09642195701599121,0,0,0,1,0
74.44737815856934,0,0,0,0.09081602096557617,0,0,50,0,1
74.54005002975464,0,0,0,0.09267187118530273,0,0,50,0,1
74.63256120681763,0,0,1,0.09251117706298828,0,50,0,0,0
74.72885918617249,50,0,1,0.0962979793548584,1,50,0,0,0
74.82951617240906,50,0,0,0.1006569862365723,1,0,0,0,0
74.91791701316834,50,50,0,0.08840084075927734,1,0,0,1,0
75.01015901565552,0,50,0,0.09224200248718262,0,0,0,1,0
75.10678720474243,0,50,0,0.09662818908691406,0,0,50,1,1
75.2095332145691,0,0,1,0.1027460098266602,0,50,50,0,1
75.29718923568726,0,0,1,0.08765602111816406,0,50,0,0,0
75.38700509071351,50,0,1,0.08981585502624512,1,50,0,0,0
75.48145723342896,50,0,0,0.0944521427154541,1,0,0,0,0
75.57969212532043,0,50,0,0.09823489189147949,0,0,0,1,0
75.67896509170533,0,50,0,0.0992729663848877,0,0,0,1,0
75.78817105293274,0,0,1,0.109205961227417,0,50,0,0,0
75.88367319107056,50,0,1,0.09550213813781738,1,50,0,0,0
75.97722721099854,50,50,0,0.09355401992797852,1,0,0,1,0
76.06939315795898,0,50,0,0.09216594696044922,0,0,0,1,0
76.1570851802826,0,0,1,0.0876920223236084,0,50,0,0,0
76.24980902671814,0,0,1,0.09272384643554688,0,50,0,0,0
76.34725117683411,0,50,0,0.0974421501159668,0,0,0,1,0
76.43458414077759,0,0,1,0.08733296394348145,0,50,0,0,0
76.52385520935059,0,50,0,0.08927106857299805,0,0,0,1,0
76.62364101409913,0,0,1,0.09978580474853516,0,50,0,0,0
76.71711015701295,0,50,0,0.09346914291381836,0,0,0,1,0
76.8153100013733,0,0,1,0.09819984436035156,0,50,0,0,0
76.90690207481385,0,50,0,0.09159207344055176,0,0,0,1,0
76.99334907531739,0,0,1,0.08644700050354004,0,50,0,0,0
77.08319211006165,0,0,0,0.0898430347442627,0,0,0,0,0
77.16887021064759,0,50,0,0.0856781005859375,0,0,0,1,0
77.26112723350525,0,50,0,0.09225702285766602,0,0,0,1,0
77.34992122650147,0,50,1,0.08879399299621582,0,50,0,1,0
77.44183111190797,0,50,0,0.09190988540649414,0,0,0,1,0
77.53686714172364,0,50,0,0.09503602981567383,0,0,0,1,0
77.63097906112671,0,0,1,0.09411191940307617,0,50,0,0,0
77.7210590839386,0,50,0,0.09008002281188965,0,0,0,1,0
77.80998206138611,0,50,0,0.08892297744750977,0,0,0,1,0
77.90188121795655,0,0,0,0.09189915657043457,0,0,0,0,0
77.98578119277955,0,0,0,0.08389997482299805,0,0,0,0,0
78.06954312324525,0,0,0,0.08376193046569824,0,0,0,0,0
78.15518903732301,0,0,0,0.08564591407775879,0,0,0,0,0
78.23933005332947,0,0,0,0.08414101600646973,0,0,0,0,0
78.33697700500489,0,0,0,0.09764695167541504,0,0,0,0,0
78.41951823234559,0,0,0,0.08254122734069824,0,0,0,0,0
78.50124502182007,0,0,0,0.0817267894744873,0,0,0,0,0
78.5871012210846,0,0,0,0.08585619926452637,0,0,0,0,0
78.67183113098145,0,0,0,0.08472990989685059,0,0,0,0,0
78.89951920509339,0,0,0,0.2276880741119385,0,0,0,0,0
78.99913716316224,50,0,0,0.09961795806884766,1,0,0,0,0
79.11099219322205,50,0,0,0.1118550300598145,1,0,0,0,0
79.20475506782532,0,0,0,0.09376287460327148,0,0,0,0,0
79.28954219818116,0,0,0,0.08478713035583496,0,0,0,0,0
79.37220621109009,0,0,0,0.08266401290893555,0,0,0,0,0
79.45531010627747,50,0,0,0.08310389518737793,1,0,0,0,0
79.54754400253297,0,0,0,0.09223389625549316,0,0,0,0,0
79.63472318649292,0,0,0,0.08717918395996094,0,0,0,0,0
79.71868801116944,0,0,0,0.08396482467651367,0,0,0,0,0
79.80997920036316,0,0,0,0.09129118919372559,0,0,0,0,0
79.90274906158447,50,0,0,0.09276986122131348,1,0,0,0,0
79.99453806877137,50,0,0,0.09178900718688965,1,0,0,0,0
80.08129310607911,0,0,0,0.08675503730773926,0,0,0,0,0
80.16349720954896,0,0,0,0.08220410346984863,0,0,0,0,0
80.25673317909241,0,0,0,0.09323596954345703,0,0,0,0,0
80.34878516197205,50,0,0,0.09205198287963867,1,0,0,0,0
80.43335819244385,50,0,0,0.08457303047180176,1,0,0,0,0
80.51780009269715,0,0,0,0.0844419002532959,0,0,0,0,0
80.60531115531921,0,0,0,0.08751106262207031,0,0,0,0,0
80.69499015808105,0,0,0,0.08967900276184082,0,0,0,0,0
80.77759718894958,0,0,0,0.08260703086853027,0,0,0,0,0
80.86301016807557,50,0,0,0.08541297912597656,1,0,0,0,0
80.95092201232911,50,0,0,0.08791184425354004,1,0,0,0,0
81.03164911270142,0,0,0,0.08072710037231445,0,0,0,0,0
81.12103009223938,0,0,0,0.08938097953796387,0,0,0,0,0
81.20324802398683,0,0,0,0.08221793174743652,0,0,0,0,0
81.28670620918275,50,0,0,0.08345818519592285,1,0,0,0,0
81.37578415870667,50,0,0,0.08907794952392578,1,0,0,0,0
81.46486306190491,50,0,0,0.08907890319824219,1,0,0,0,0
81.55949711799622,50,0,0,0.09463405609130859,1,0,0,0,0
81.65109610557556,50,0,0,0.0915989875793457,1,0,0,0,0
81.74257707595826,50,0,0,0.09148097038269043,1,0,0,0,0
81.83942222595215,50,0,0,0.09684514999389648,1,0,0,0,0
81.92914414405823,50,0,0,0.0897219181060791,1,0,0,0,0
82.01922512054443,50,0,0,0.09008097648620605,1,0,0,0,0
82.10302019119263,50,0,0,0.08379507064819336,1,0,0,0,0
82.19972014427185,50,0,0,0.09669995307922363,1,0,0,0,0
82.32997417449951,50,0,0,0.1302540302276611,1,0,0,0,0
82.42520213127136,50,0,0,0.09522795677185059,1,0,0,0,0
82.5097041130066,50,0,0,0.08450198173522949,1,0,0,0,0
82.60497021675111,50,0,0,0.09526610374450684,1,0,0,0,0
82.70006918907166,50,0,0,0.09509897232055664,1,0,0,0,0
82.79467105865479,50,0,0,0.09460186958312988,1,0,0,0,0
82.88010621070862,50,0,0,0.08543515205383301,1,0,0,0,0
82.96533203125,50,0,0,0.08522582054138184,1,0,0,0,0
83.05484819412232,50,0,0,0.08951616287231445,1,0,0,0,0
83.14895701408387,50,0,0,0.09410881996154785,1,0,0,0,0
83.23894214630128,50,0,0,0.08998513221740723,1,0,0,0,0
83.3226342201233,50,0,0,0.08369207382202148,1,0,0,0,0
83.41248416900635,50,0,0,0.08984994888305664,1,0,0,0,0
83.50789999961853,50,0,0,0.09541583061218262,1,0,0,0,0
83.59719705581666,50,0,0,0.08929705619812012,1,0,0,0,0
83.69088101387025,50,0,0,0.09368395805358887,1,0,0,0,0
83.78076410293579,50,0,0,0.08988308906555176,1,0,0,0,0
83.87097311019899,50,0,0,0.09020900726318359,1,0,0,0,0
83.96535110473634,50,0,0,0.09437799453735352,1,0,0,0,0
84.05419611930848,50,0,0,0.08884501457214355,1,0,0,0,0
84.14247918128968,50,0,0,0.08828306198120117,1,0,0,0,0
84.23143315315247,50,0,0,0.08895397186279297,1,0,0,0,0
84.32485508918763,50,0,0,0.09342193603515625,1,0,0,0,0
84.41182804107667,50,0,0,0.08697295188903809,1,0,0,0,0
84.50064420700073,50,0,0,0.08881616592407227,1,0,0,0,0
84.5850841999054,50,0,0,0.08443999290466309,1,0,0,0,0
84.6802170276642,50,0,0,0.09513282775878906,1,0,0,0,0
84.78008723258972,0,50,0,0.09987020492553711,0,0,0,1,0
84.87178707122803,0,50,0,0.09169983863830566,0,0,0,1,0
84.95787000656128,0,50,0,0.08608293533325195,0,0,0,1,0
85.04708218574525,0,50,0,0.08921217918395996,0,0,0,1,0
85.1436140537262,0,50,0,0.09653186798095703,0,0,0,1,0
85.23078012466431,0,50,0,0.08716607093811035,0,0,0,1,0
85.32785010337831,0,50,0,0.09706997871398926,0,0,0,1,0
85.41490602493287,0,50,0,0.08705592155456543,0,0,0,1,0
85.50154304504394,0,50,0,0.08663702011108398,0,0,0,1,0
85.59684109687806,0,50,0,0.09529805183410645,0,0,0,1,0
85.69126319885255,0,50,0,0.0944221019744873,0,0,0,1,0
85.77983021736145,0,50,0,0.08856701850891113,0,0,0,1,0
85.87254714965821,0,50,0,0.09271693229675293,0,0,0,1,0
85.96867513656617,0,50,0,0.09612798690795898,0,0,0,1,0
86.05453801155091,0,0,1,0.08586287498474121,0,50,0,0,0
86.1440031528473,0,0,1,0.08946514129638672,0,50,0,0,0
86.23487305641175,0,0,1,0.09086990356445313,0,50,0,0,0
86.32386207580566,0,0,1,0.0889890193939209,0,50,0,0,0
86.41422200202943,0,0,1,0.09035992622375488,0,50,0,0,0
86.50313806533815,0,0,1,0.08891606330871582,0,50,0,0,0
86.59016704559326,0,0,1,0.08702898025512695,0,50,0,0,0
86.67959117889405,0,0,1,0.08942413330078125,0,50,0,0,0
86.78251218795777,0,0,1,0.1029210090637207,0,50,0,0,0
86.87785100936891,0,0,1,0.09533882141113281,0,50,0,0,0
86.96510219573975,0,0,1,0.08725118637084961,0,50,0,0,0
87.05390810966492,0,0,1,0.0888059139251709,0,50,0,0,0
87.14971208572388,0,0,1,0.09580397605895996,0,50,0,0,0
87.23885321617127,0,0,1,0.0891411304473877,0,50,0,0,0
87.32267212867738,50,0,0,0.08381891250610352,1,0,0,0,0
87.41149210929871,50,0,0,0.08881998062133789,1,0,0,0,0
87.49870204925537,50,0,0,0.08720993995666504,1,0,0,0,0
87.59309101104737,50,0,0,0.09438896179199219,1,0,0,0,0
87.68711304664611,50,0,0,0.09402203559875488,1,0,0,0,0
87.77586412429811,50,0,0,0.08875107765197754,1,0,0,0,0
87.86478900909424,50,0,0,0.08892488479614258,1,0,0,0,0
87.96195602416992,50,0,0,0.09716701507568359,1,0,0,0,0
88.04958510398865,50,0,0,0.08762907981872559,1,0,0,0,0
88.13999605178834,50,0,0,0.09041094779968262,1,0,0,0,0
88.22997117042542,50,0,0,0.08997511863708496,1,0,0,0,0
88.32057809829712,50,0,0,0.0906069278717041,1,0,0,0,0
88.40940117835999,0,50,0,0.08882308006286621,0,0,0,1,0
88.49705004692078,0,50,0,0.08764886856079102,0,0,0,1,0
88.58329820632935,0,50,0,0.08624815940856934,0,0,0,1,0
88.67694807052613,0,50,0,0.09364986419677734,0,0,0,1,0
88.77248406410217,0,50,0,0.0955359935760498,0,0,0,1,0
88.85944914817811,0,50,0,0.08696508407592773,0,0,0,1,0
88.94708514213562,0,50,0,0.08763599395751953,0,0,0,1,0
89.03710722923279,0,0,1,0.09002208709716797,0,50,0,0,0
89.12783718109131,0,0,1,0.09072995185852051,0,50,0,0,0
89.21508121490479,0,0,1,0.08724403381347656,0,50,0,0,0
89.30332922935486,0,0,1,0.08824801445007324,0,50,0,0,0
89.39210200309754,0,0,1,0.08877277374267578,0,50,0,0,0
89.47940921783447,0,0,1,0.08730721473693848,0,50,0,0,0
89.57410120964051,0,0,1,0.09469199180603027,0,50,50,0,1
89.66483807563781,0,0,0,0.09073686599731445,0,0,50,0,1
89.76169204711914,0,0,0,0.09685397148132324,0,0,50,0,1
89.85193920135499,0,0,0,0.09024715423583984,0,0,50,0,1
89.95046710968017,0,0,0,0.09852790832519531,0,0,50,0,1
90.04078507423401,0,0,0,0.09031796455383301,0,0,50,0,1
90.12867307662964,0,0,0,0.08788800239562988,0,0,50,0,1
90.21506214141846,0,0,0,0.08638906478881836,0,0,50,0,1
90.30207109451295,0,50,0,0.08700895309448242,0,0,0,1,0
90.40306615829468,0,50,0,0.1009950637817383,0,0,0,1,0
90.49117708206177,0,50,0,0.08811092376708984,0,0,0,1,0
90.57945108413696,0,50,0,0.08827400207519531,0,0,0,1,0
90.6669192314148,0,50,0,0.08746814727783203,0,0,0,1,0
90.76986622810365,50,0,0,0.1029469966888428,1,0,0,0,0
90.86217522621155,50,0,0,0.09230899810791016,1,0,0,0,0
90.94792819023132,50,0,0,0.08575296401977539,1,0,0,0,0
91.03978610038757,0,0,1,0.09185791015625,0,50,0,0,0
91.1408851146698,0,0,1,0.1010990142822266,0,50,0,0,0
91.23653912544251,0,0,1,0.09565401077270508,0,50,0,0,0
91.32685017585755,0,0,0,0.09031105041503906,0,0,50,0,1
91.41721820831298,0,0,0,0.09036803245544434,0,0,50,0,1
91.50376415252685,0,50,0,0.08654594421386719,0,0,50,1,1
91.60064101219177,0,50,0,0.09687685966491699,0,0,0,1,0
91.69887208938599,50,0,0,0.09823107719421387,1,0,0,0,0
91.79361009597779,50,0,0,0.09473800659179688,1,0,0,0,0
91.88359117507934,0,0,1,0.0899810791015625,0,50,0,0,0
91.97977900505066,0,0,1,0.09618782997131348,0,50,50,0,1
92.07652115821839,0,0,0,0.09674215316772461,0,0,50,0,1
92.1666362285614,0,50,0,0.09011507034301758,0,0,0,1,0
92.25658011436463,0,50,0,0.08994388580322266,0,0,0,1,0
92.36009216308593,50,0,0,0.1035120487213135,1,0,0,0,0
92.45022916793824,0,0,1,0.09013700485229492,0,50,0,0,0
92.54205107688904,0,0,1,0.09182190895080566,0,50,50,0,1
92.63245916366577,0,0,0,0.0904080867767334,0,0,50,0,1
92.73465204238892,0,50,0,0.1021928787231445,0,0,0,1,0
92.82089400291444,50,0,0,0.0862419605255127,1,0,0,0,0
92.91259407997131,0,0,1,0.09170007705688477,0,50,0,0,0
93.00054812431336,0,0,1,0.08795404434204102,0,50,0,0,0
93.09342908859254,0,50,0,0.0928809642791748,0,0,50,1,1
93.20472121238708,0,50,0,0.1112921237945557,0,0,0,1,0
93.29218411445618,50,0,0,0.0874629020690918,1,0,0,0,0
93.3835141658783,0,0,1,0.09133005142211914,0,50,0,0,0
93.4767382144928,0,0,1,0.09322404861450195,0,50,50,0,1
93.58087921142578,0,50,0,0.1041409969329834,0,0,50,1,1
93.67405414581299,0,50,0,0.09317493438720703,0,0,0,1,0
93.77146100997924,50,50,0,0.09740686416625977,1,0,0,1,0
93.86752009391785,0,0,1,0.09605908393859863,0,50,0,0,0
93.96680021286011,0,0,1,0.09928011894226074,0,50,50,0,1
94.06452322006226,0,50,0,0.09772300720214844,0,0,50,1,1
94.15868711471559,0,50,0,0.09416389465332031,0,0,0,1,0
94.24960017204285,50,0,1,0.09091305732727051,1,50,0,0,0
94.34677314758302,0,0,1,0.09717297554016113,0,50,0,0,0
94.43777704238892,0,0,1,0.0910038948059082,0,50,50,0,1
94.52932906150819,0,50,0,0.0915520191192627,0,0,0,1,0
94.61910820007324,0,50,0,0.08977913856506348,0,0,0,1,0
94.70277309417725,0,0,0,0.08366489410400391,0,0,0,0,0
94.81110501289368,0,0,0,0.1083319187164307,0,0,0,0,0
94.8967571258545,50,0,0,0.08565211296081543,1,0,0,0,0
94.98305106163025,50,0,0,0.08629393577575684,1,0,0,0,0
95.07451915740967,50,0,1,0.09146809577941895,1,50,0,0,0
95.16950416564942,50,0,1,0.09498500823974609,1,50,50,0,1
95.26508021354676,50,50,1,0.09557604789733887,1,50,50,1,1
95.36126422882081,50,50,1,0.09618401527404785,1,50,50,1,1
95.4677951335907,50,50,1,0.1065309047698975,1,50,50,1,1
95.56873106956482,50,50,1,0.1009359359741211,1,50,50,1,1
95.66693305969238,50,50,1,0.09820199012756348,1,50,50,1,1
95.765221118927,50,50,1,0.09828805923461914,1,50,50,1,1
95.86759018898011,50,50,1,0.1023690700531006,1,50,50,1,1
95.96942520141601,50,50,1,0.1018350124359131,1,50,50,1,1
96.06576013565064,50,50,1,0.09633493423461914,1,50,50,1,1
96.16671705245972,50,50,1,0.100956916809082,1,50,50,1,1
96.26660013198853,50,50,1,0.09988307952880859,1,50,50,1,1
96.36661314964295,50,0,1,0.1000130176544189,1,50,0,0,0
96.4535620212555,0,0,0,0.08694887161254883,0,0,0,0,0
96.53770709037781,0,0,0,0.08414506912231445,0,0,0,0,0
96.62099409103394,0,0,0,0.08328700065612793,0,0,0,0,0
96.70173001289369,0,0,0,0.08073592185974121,0,0,0,0,0
96.80082702636719,0,0,0,0.09909701347351074,0,0,0,0,0
96.88697409629823,0,0,0,0.08614706993103027,0,0,0,0,0
96.97345805168153,50,0,1,0.08648395538330078,1,50,0,0,0
97.06396722793579,50,50,1,0.09050917625427246,1,50,50,1,1
97.17471623420716,50,50,1,0.1107490062713623,1,50,50,1,1
97.27722620964052,50,50,1,0.1025099754333496,1,50,50,1,1
97.37313818931581,50,50,1,0.09591197967529297,1,50,50,1,1
97.47258806228638,50,50,1,0.09944987297058105,1,50,0,1,0
97.57249116897583,0,0,0,0.09990310668945313,0,0,0,0,0
97.65890407562257,0,0,0,0.08641290664672852,0,0,0,0,0
97.74318718910218,0,0,0,0.08428311347961426,0,0,0,0,0
97.82942509651186,0,0,0,0.08623790740966797,0,0,0,0,0
97.91898918151857,0,0,1,0.08956408500671387,0,50,50,0,1
98.01001715660096,50,50,1,0.09102797508239746,1,50,50,1,1
98.1070261001587,50,50,1,0.09700894355773926,1,50,50,1,1
98.20752716064455,50,50,1,0.1005010604858398,1,50,50,1,1
98.29797101020814,50,0,0,0.09044384956359863,1,0,0,0,0
98.39385509490967,0,0,0,0.09588408470153809,0,0,0,0,0
98.47423219680786,0,0,0,0.08037710189819336,0,0,0,0,0
98.5569841861725,0,0,0,0.08275198936462402,0,0,0,0,0
98.64532017707825,50,50,1,0.08833599090576172,1,50,50,1,1
98.74098014831544,50,50,1,0.09565997123718262,1,50,50,1,1
98.86017918586731,50,50,1,0.1191990375518799,1,50,50,1,1
98.95448422431947,0,0,1,0.09430503845214844,0,50,0,0,0
99.03991723060608,0,0,0,0.08543300628662109,0,0,0,0,0
99.12326312065126,0,0,0,0.08334589004516602,0,0,0,0,0
99.22979307174684,50,50,1,0.1065299510955811,1,50,0,1,0
99.32378721237184,50,50,1,0.093994140625,1,50,50,1,1
99.42168021202088,50,50,1,0.09789299964904785,1,50,50,1,1
99.5190122127533,50,50,1,0.09733200073242188,1,50,50,1,1
99.62216401100159,50,50,1,0.103151798248291,1,50,50,1,1
99.7185652256012,50,50,1,0.09640121459960938,1,50,50,1,1
99.82868313789368,50,50,1,0.1101179122924805,1,50,50,1,1
99.92522001266479,50,50,1,0.09653687477111816,1,50,50,1,1
100.0289621353149,50,50,1,0.1037421226501465,1,50,50,1,1
100.1288230419159,50,50,1,0.09986090660095215,1,50,50,1,1
100.2275822162628,50,50,1,0.09875917434692383,1,50,50,1,1
100.3252820968628,50,50,1,0.09769988059997559,1,50,50,1,1
100.4301581382751,50,50,1,0.1048760414123535,1,50,50,1,1
100.5319471359253,50,50,1,0.1017889976501465,1,50,50,1,1
100.6316521167755,50,0,1,0.09970498085021973,1,50,0,0,0
100.7210340499878,0,0,0,0.08938193321228027,0,0,0,0,0
100.8149001598358,0,0,0,0.09386610984802246,0,0,0,0,0
100.9026620388031,0,0,0,0.08776187896728516,0,0,0,0,0
100.9853270053864,0,0,0,0.08266496658325195,0,0,0,0,0
101.0720760822296,50,0,0,0.08674907684326172,1,0,0,0,0
101.165060043335,50,0,0,0.09298396110534668,1,0,0,0,0
101.2574791908264,50,0,0,0.09241914749145508,1,0,0,0,0
101.3450620174408,50,0,0,0.08758282661437988,1,0,0,0,0
101.4348270893097,0,0,1,0.08976507186889648,0,50,0,0,0
101.5207982063294,0,0,1,0.08597111701965332,0,50,0,0,0
101.6186861991882,0,0,1,0.09788799285888672,0,50,0,0,0
101.70481300354,0,0,1,0.08612680435180664,0,50,0,0,0
101.7976551055908,0,0,1,0.09284210205078125,0,50,0,0,0
101.8913152217865,0,0,0,0.09366011619567871,0,0,50,0,1
101.9939022064209,0,0,0,0.1025869846343994,0,0,50,0,1
102.0853090286255,0,0,0,0.09140682220458984,0,0,50,0,1
102.1721031665802,0,0,0,0.08679413795471191,0,0,50,0,1
102.2650952339172,0,50,0,0.09299206733703613,0,0,0,1,0
102.3607151508331,0,50,0,0.09561991691589355,0,0,0,1,0
102.4442121982575,0,50,0,0.08349704742431641,0,0,0,1,0
102.5350801944733,0,50,0,0.09086799621582031,0,0,0,1,0
102.6219592094421,50,50,0,0.08687901496887207,1,0,0,1,0
102.7174191474915,50,0,0,0.09545993804931641,1,0,0,0,0
102.8100202083588,0,0,1,0.09260106086730957,0,50,0,0,0
102.9077181816101,0,0,1,0.09769797325134277,0,50,0,0,0
102.9936032295227,0,0,1,0.08588504791259766,0,50,0,0,0
103.0824642181396,0,0,0,0.08886098861694336,0,0,50,0,1
103.1768100261688,0,0,0,0.0943458080291748,0,0,50,0,1
103.2693102359772,0,50,0,0.09250020980834961,0,0,0,1,0
103.3590700626373,0,50,0,0.08975982666015625,0,0,0,1,0
103.4479260444641,50,0,0,0.08885598182678223,1,0,0,0,0
103.5377042293549,50,0,1,0.08977818489074707,1,50,0,0,0
103.6340801715851,0,0,1,0.09637594223022461,0,50,50,0,1
103.7268810272217,0,0,1,0.09280085563659668,0,50,50,0,1
103.8194010257721,0,50,0,0.09251999855041504,0,0,0,1,0
103.9174530506134,0,50,0,0.09805202484130859,0,0,0,1,0
104.0165991783142,50,0,0,0.09914612770080566,1,0,0,0,0
104.1028110980988,0,0,1,0.0862119197845459,0,50,0,0,0
104.1971111297607,0,0,1,0.0943000316619873,0,50,50,0,1
104.2902021408081,0,50,0,0.09309101104736328,0,0,50,1,1
104.3885831832886,0,50,0,0.09838104248046875,0,0,0,1,0
104.4821331501007,50,0,1,0.09354996681213379,1,50,0,0,0
104.5699422359467,0,0,1,0.08780908584594727,0,50,0,0,0
104.6622290611267,0,0,1,0.09228682518005371,0,50,50,0,1
104.752140045166,0,50,0,0.08991098403930664,0,0,50,1,1
104.8649880886078,50,50,0,0.1128480434417725,1,0,0,1,0
104.960853099823,0,0,1,0.09586501121520996,0,50,0,0,0
105.0510301589966,0,0,1,0.09017705917358398,0,50,0,0,0
105.1427090167999,0,0,1,0.09167885780334473,0,50,50,0,1
105.2394721508026,0,50,0,0.09676313400268555,0,0,50,1,1
105.3309202194214,0,50,0,0.09144806861877441,0,0,0,1,0
105.4234821796417,50,0,0,0.09256196022033691,1,0,0,0,0
105.5107882022858,0,0,1,0.08730602264404297,0,50,0,0,0
105.6212520599365,0,0,0,0.1104638576507568,0,0,0,0,0
105.7048790454864,0,0,0,0.08362698554992676,0,0,0,0,0
105.783774137497,0,0,0,0.07889509201049805,0,0,0,0,0
105.8738791942596,0,0,0,0.09010505676269531,0,0,0,0,0
105.9587280750275,0,0,0,0.08484888076782227,0,0,0,0,0
106.0591502189636,0,0,0,0.1004221439361572,0,0,0,0,0
106.1402251720428,0,0,0,0.08107495307922363,0,0,0,0,0
106.2211530208588,0,0,0,0.08092784881591797,0,0,0,0,0
106.3039031028748,0,0,0,0.08275008201599121,0,0,0,0,0
106.3907361030579,0,0,0,0.08683300018310547,0,0,0,0,0
106.4693601131439,0,0,0,0.07862401008605957,0,0,0,0,0
106.5518231391907,0,0,0,0.08246302604675293,0,0,0,0,0
106.6338770389557,0,0,0,0.08205389976501465,0,0,0,0,0
106.7173321247101,0,0,1,0.08345508575439453,0,50,0,0,0
106.8221180438995,0,0,1,0.1047859191894531,0,50,0,0,0
106.9146971702576,0,0,1,0.09257912635803223,0,50,0,0,0
107.0032820701599,0,0,1,0.08858489990234375,0,50,0,0,0
107.0895612239838,0,0,1,0.08627915382385254,0,50,0,0,0
107.1853680610657,0,0,1,0.09580683708190918,0,50,0,0,0
107.2794601917267,0,0,1,0.09409213066101074,0,50,0,0,0
107.3685791492462,0,0,1,0.08911895751953125,0,50,0,0,0
107.4576690196991,0,0,1,0.08908987045288086,0,50,0,0,0
107.5453050136566,0,0,1,0.08763599395751953,0,50,0,0,0
107.6398720741272,0,0,1,0.09456706047058105,0,50,0,0,0
107.7269470691681,0,0,1,0.08707499504089355,0,50,0,0,0
107.8151152133942,50,0,0,0.08816814422607422,1,0,0,0,0
107.9079802036286,50,0,0,0.092864990234375,1,0,0,0,0
108.0018401145935,50,0,0,0.09385991096496582,1,0,0,0,0
108.0897061824799,50,0,0,0.08786606788635254,1,0,0,0,0
108.176687002182,50,0,0,0.08698081970214844,1,0,0,0,0
108.2649390697479,50,0,0,0.08825206756591797,1,0,0,0,0
108.3552820682526,50,0,0,0.09034299850463867,1,0,0,0,0
108.4521930217743,50,0,0,0.09691095352172852,1,0,0,0,0
108.5406911373138,50,0,0,0.08849811553955078,1,0,0,0,0
108.6289701461792,50,0,0,0.08827900886535645,1,0,0,0,0
108.7192161083221,0,50,0,0.09024596214294434,0,0,0,1,0
108.8193600177765,0,50,0,0.1001439094543457,0,0,0,1,0
108.9189400672913,0,50,0,0.09958004951477051,0,0,0,1,0
109.005026102066,0,50,0,0.08608603477478027,0,0,0,1,0
109.0930252075195,0,50,0,0.08799910545349121,0,0,0,1,0
109.1838531494141,0,50,0,0.09082794189453125,0,0,0,1,0
109.2818291187286,0,50,0,0.0979759693145752,0,0,0,1,0
109.3691391944885,0,50,0,0.0873100757598877,0,0,0,1,0
109.4606790542602,0,50,0,0.09153985977172852,0,0,0,1,0
109.5493350028992,0,50,0,0.08865594863891602,0,0,0,1,0
109.642186164856,0,0,0,0.09285116195678711,0,0,50,0,1
109.7321050167084,0,0,0,0.08991885185241699,0,0,50,0,1
109.8198530673981,0,0,0,0.08774805068969727,0,0,50,0,1
109.9188361167908,0,0,0,0.0989830493927002,0,0,50,0,1
110.0114722251892,0,0,0,0.0926361083984375,0,0,50,0,1
110.0995562076569,0,0,0,0.08808398246765137,0,0,50,0,1
110.1898682117462,0,0,0,0.09031200408935547,0,0,50,0,1
110.2787621021271,0,0,0,0.08889389038085938,0,0,50,0,1
110.3670790195465,0,0,0,0.08831691741943359,0,0,50,0,1
110.4592401981354,0,0,0,0.09216117858886719,0,0,50,0,1
110.5448851585388,0,0,0,0.08564496040344238,0,0,0,0,0
110.6421332359314,0,0,0,0.09724807739257813,0,0,0,0,0
110.7271721363068,0,50,1,0.08503890037536621,0,50,0,1,0
110.8301651477814,50,50,1,0.1029930114746094,1,50,50,1,1
110.9379041194916,50,50,1,0.1077389717102051,1,50,50,1,1
111.0325911045074,50,50,1,0.09468698501586914,1,50,50,1,1
111.1325650215149,50,50,1,0.09997391700744629,1,50,50,1,1
111.2436680793762,50,50,1,0.1111030578613281,1,50,50,1,1
111.343777179718,50,50,1,0.1001091003417969,1,50,50,1,1
111.4405620098114,50,50,1,0.09678483009338379,1,50,50,1,1
111.5382370948792,50,50,1,0.09767508506774902,1,50,50,1,1
111.6410281658173,50,50,1,0.1027910709381104,1,50,50,1,1
111.7406280040741,50,50,1,0.09959983825683594,1,50,50,1,1
111.8436920642853,50,50,1,0.1030640602111816,1,50,50,1,1
111.9498560428619,50,50,1,0.1061639785766602,1,50,50,1,1
112.0534591674805,50,50,1,0.1036031246185303,1,50,50,1,1
112.1506872177124,50,50,0,0.09722805023193359,1,0,50,1,1
112.263922214508,50,50,0,0.1132349967956543,1,0,0,1,0
112.3758640289307,50,50,0,0.1119418144226074,1,0,0,1,0
112.5019490718842,50,50,0,0.1260850429534912,1,0,0,1,0
112.6330330371857,50,50,0,0.1310839653015137,1,0,0,1,0
112.7534952163696,50,50,0,0.12046217918396,1,0,0,1,0
112.8793661594391,50,50,0,0.125870943069458,1,0,0,1,0
113.0338020324707,50,50,0,0.1544358730316162,1,0,0,1,0
113.163969039917,50,50,0,0.1301670074462891,1,0,0,1,0
113.2794232368469,50,50,0,0.1154541969299316,1,0,0,1,0
113.3739800453186,50,50,0,0.09455680847167969,1,0,0,1,0
113.4671831130982,50,50,0,0.09320306777954102,1,0,0,1,0
113.5589032173157,50,50,0,0.0917201042175293,1,0,0,1,0
113.6588020324707,50,50,0,0.0998988151550293,1,0,0,1,0
113.7487552165985,50,50,0,0.08995318412780762,1,0,0,1,0
113.8397901058197,50,50,0,0.09103488922119141,1,0,50,1,1
113.9357571601868,50,0,0,0.09596705436706543,1,0,50,0,1
114.0406770706177,50,0,0,0.1049199104309082,1,0,50,0,1
114.1334121227265,50,0,0,0.09273505210876465,1,0,50,0,1
114.2292840480804,50,0,0,0.09587192535400391,1,0,50,0,1
114.3212661743164,50,0,0,0.09198212623596191,1,0,50,0,1
114.4118242263794,50,0,0,0.09055805206298828,1,0,50,0,1
114.510055065155,50,0,0,0.09823083877563477,1,0,50,0,1
114.603835105896,50,0,0,0.0937800407409668,1,0,50,0,1
114.6930320262909,50,0,0,0.08919692039489746,1,0,50,0,1
114.7857930660248,50,0,0,0.09276103973388672,1,0,50,0,1
114.8870151042938,50,0,0,0.101222038269043,1,0,50,0,1
114.9806392192841,50,0,0,0.09362411499023438,1,0,50,0,1
115.0773820877075,50,0,0,0.09674286842346191,1,0,50,0,1
115.1699872016907,50,0,0,0.0926051139831543,1,0,50,0,1
115.2710161209106,50,50,1,0.1010289192199707,1,50,0,1,0
115.3690490722656,0,50,1,0.09803295135498047,0,50,0,1,0
115.4612200260162,0,50,1,0.09217095375061035,0,50,0,1,0
115.5518372058868,0,50,1,0.09061717987060547,0,50,0,1,0
115.6637902259827,0,50,1,0.1119530200958252,0,50,0,1,0
115.753555059433,0,50,1,0.08976483345031738,0,50,0,1,0
115.8420472145081,0,50,1,0.08849215507507324,0,50,0,1,0
115.9405031204224,0,50,1,0.09845590591430664,0,50,0,1,0
116.0448071956635,0,50,1,0.1043040752410889,0,50,0,1,0
116.1368141174316,0,50,1,0.09200692176818848,0,50,0,1,0
116.2452912330628,0,50,1,0.1084771156311035,0,50,0,1,0
116.3569512367248,0,50,1,0.1116600036621094,0,50,0,1,0
116.4835231304169,0,50,1,0.1265718936920166,0,50,0,1,0
116.6047830581665,0,50,1,0.1212599277496338,0,50,0,1,0
116.7277331352234,0,50,1,0.1229500770568848,0,50,0,1,0
116.8539180755615,0,50,1,0.1261849403381348,0,50,0,1,0
117.0093932151794,50,50,0,0.1554751396179199,1,0,0,1,0
117.1393280029297,50,50,0,0.1299347877502441,1,0,0,1,0
117.2521100044251,50,50,0,0.1127820014953613,1,0,0,1,0
117.354522228241,50,50,0,0.102412223815918,1,0,0,1,0
117.4451260566711,50,50,0,0.09060382843017578,1,0,0,1,0
117.5398781299591,50,50,0,0.09475207328796387,1,0,0,1,0
117.6338241100311,50,50,0,0.09394598007202148,1,0,0,1,0
117.7326271533966,50,50,0,0.09880304336547852,1,0,0,1,0
117.8237822055817,50,0,0,0.09115505218505859,1,0,50,0,1
117.9211130142212,50,0,0,0.09733080863952637,1,0,50,0,1
118.0198841094971,50,0,0,0.09877109527587891,1,0,50,0,1
118.1179111003876,50,0,0,0.09802699089050293,1,0,50,0,1
118.2112622261047,50,0,0,0.09335112571716309,1,0,50,0,1
118.3037030696869,50,0,0,0.09244084358215332,1,0,50,0,1
118.3998582363129,50,0,0,0.09615516662597656,1,0,50,0,1
118.4970710277557,50,0,0,0.09721279144287109,1,0,50,0,1
118.5878410339356,50,0,0,0.09077000617980957,1,0,50,0,1
118.6839570999146,50,0,0,0.09611606597900391,1,0,50,0,1
118.7805640697479,50,0,0,0.09660696983337402,1,0,50,0,1
118.8800082206726,50,0,0,0.09944415092468262,1,0,50,0,1
118.9714951515198,50,0,0,0.09148693084716797,1,0,50,0,1
119.0694541931152,50,0,0,0.09795904159545898,1,0,50,0,1
119.1612861156464,50,0,0,0.09183192253112793,1,0,50,0,1
119.260852098465,50,0,0,0.09956598281860352,1,0,50,0,1
119.3518760204315,50,0,0,0.09102392196655273,1,0,50,0,1
119.4457712173462,50,0,1,0.09389519691467285,1,50,50,0,1
119.540607213974,50,0,1,0.09483599662780762,1,50,50,0,1
119.6347332000733,50,0,1,0.09412598609924316,1,50,50,0,1
119.7390460968018,50,0,1,0.1043128967285156,1,50,50,0,1
119.8326570987701,50,0,1,0.09361100196838379,1,50,50,0,1
119.9287531375885,50,0,1,0.09609603881835938,1,50,50,0,1
120.0300090312958,50,0,1,0.1012558937072754,1,50,50,0,1
120.1300661563873,50,0,1,0.1000571250915527,1,50,50,0,1
120.2266621589661,50,0,1,0.09659600257873535,1,50,50,0,1
120.320611000061,50,0,1,0.0939488410949707,1,50,50,0,1
120.4141981601715,50,0,1,0.09358716011047363,1,50,50,0,1
120.5134530067444,50,0,1,0.09925484657287598,1,50,50,0,1
120.6092891693115,50,0,1,0.09583616256713867,1,50,50,0,1
120.7148191928864,50,0,1,0.1055300235748291,1,50,50,0,1
120.8133380413055,50,0,1,0.09851884841918945,1,50,50,0,1
120.9158391952515,50,0,1,0.1025011539459229,1,50,0,0,0
121.009199142456,50,0,1,0.09335994720458984,1,50,50,0,1
121.1088740825653,50,0,1,0.09967494010925293,1,50,50,0,1
121.2107272148132,50,0,1,0.1018531322479248,1,50,50,0,1
121.3418741226196,50,0,1,0.1311469078063965,1,50,50,0,1
121.4568951129913,50,0,1,0.1150209903717041,1,50,50,0,1
121.5774981975555,50,0,1,0.120603084564209,1,50,50,0,1
121.7135660648346,50,0,1,0.1360678672790527,1,50,0,0,0
121.8346011638641,50,0,1,0.121035099029541,1,50,0,0,0
121.9772801399231,50,0,1,0.14267897605896,1,50,0,0,0
122.0910151004791,50,0,1,0.1137349605560303,1,50,0,0,0
122.1826410293579,50,0,1,0.09162592887878418,1,50,0,0,0
122.2773931026459,50,0,1,0.09475207328796387,1,50,0,0,0
122.3697612285614,50,0,1,0.09236812591552734,1,50,0,0,0
122.4650790691376,50,0,1,0.09531784057617188,1,50,0,0,0
122.5540101528168,50,0,1,0.08893108367919922,1,50,0,0,0
122.6476500034332,50,0,1,0.09363985061645508,1,50,0,0,0
122.7500500679016,50,0,1,0.1024000644683838,1,50,0,0,0
122.8446371555328,50,0,1,0.09458708763122559,1,50,0,0,0
122.9495131969452,50,0,0,0.1048760414123535,1,0,50,0,1
123.0428161621094,50,0,0,0.09330296516418457,1,0,50,0,1
123.1396720409393,50,0,0,0.09685587882995605,1,0,50,0,1
123.2514312267303,50,0,0,0.1117591857910156,1,0,50,0,1
123.3638610839844,50,0,0,0.1124298572540283,1,0,50,0,1
123.4813640117645,50,0,0,0.1175029277801514,1,0,50,0,1
123.5990200042725,50,0,0,0.1176559925079346,1,0,50,0,1
123.7149891853333,50,0,0,0.115969181060791,1,0,50,0,1
123.8595690727234,50,0,0,0.1445798873901367,1,0,50,0,1
123.9926280975342,50,0,0,0.133059024810791,1,0,50,0,1
124.1088352203369,50,0,0,0.1162071228027344,1,0,50,0,1
124.2020971775055,50,0,0,0.0932619571685791,1,0,50,0,1
124.2931342124939,50,0,0,0.09103703498840332,1,0,50,0,1
124.3905520439148,50,0,0,0.09741783142089844,1,0,50,0,1
124.4894652366638,50,0,0,0.09891319274902344,1,0,50,0,1
124.5810301303863,50,0,0,0.09156489372253418,1,0,50,0,1
124.6728172302246,50,0,0,0.09178709983825684,1,0,50,0,1
124.7652461528778,50,0,0,0.09242892265319824,1,0,50,0,1
124.8632361888885,50,0,0,0.09799003601074219,1,0,50,0,1
124.9614160060883,50,0,0,0.09817981719970703,1,0,50,0,1
125.0510361194611,50,0,0,0.08962011337280273,1,0,50,0,1
125.1507031917572,50,0,1,0.09966707229614258,1,50,50,0,1
125.2441940307617,50,0,1,0.0934908390045166,1,50,50,0,1
125.3470492362976,50,0,1,0.1028552055358887,1,50,50,0,1
125.4397802352905,50,0,1,0.09273099899291992,1,50,50,0,1
125.5369410514832,50,0,1,0.09716081619262695,1,50,50,0,1
125.6275370121002,50,0,1,0.09059596061706543,1,50,50,0,1
125.735199213028,50,0,1,0.1076622009277344,1,50,0,0,0
125.8312890529633,50,0,1,0.09608983993530273,1,50,0,0,0
125.9272010326385,50,0,1,0.09591197967529297,1,50,0,0,0
126.0208940505982,50,0,1,0.09369301795959473,1,50,0,0,0
126.1237771511078,50,0,1,0.1028831005096436,1,50,0,0,0
126.2150690555573,50,0,1,0.09129190444946289,1,50,0,0,0
126.3095362186432,50,0,1,0.0944671630859375,1,50,0,0,0
126.4012320041656,50,0,1,0.09169578552246094,1,50,0,0,0
126.4967060089111,50,0,1,0.0954740047454834,1,50,0,0,0
126.5899300575256,50,0,1,0.09322404861450195,1,50,0,0,0
126.6808681488037,50,0,1,0.09093809127807617,1,50,50,0,1
126.781877040863,0,0,1,0.1010088920593262,0,50,50,0,1
126.8811960220337,0,0,1,0.0993189811706543,0,50,50,0,1
126.9772410392761,0,0,1,0.09604501724243164,0,50,50,0,1
127.0653500556946,0,0,1,0.08810901641845703,0,50,50,0,1
127.161630153656,0,0,1,0.09628009796142578,0,50,50,0,1
127.2568080425262,0,0,1,0.09517788887023926,0,50,50,0,1
127.3526470661163,0,0,1,0.09583902359008789,0,50,50,0,1
127.4446911811829,0,0,1,0.09204411506652832,0,50,50,0,1
127.5369770526886,0,0,1,0.0922858715057373,0,50,50,0,1
127.6307291984558,0,0,1,0.09375214576721191,0,50,50,0,1
127.737850189209,0,0,1,0.1071209907531738,0,50,50,0,1
127.8267462253571,0,0,1,0.08889603614807129,0,50,50,0,1
127.9199302196503,0,0,1,0.09318399429321289,0,50,50,0,1
128.0121240615845,0,0,1,0.0921938419342041,0,50,50,0,1
128.1158502101898,0,0,1,0.1037261486053467,0,50,0,0,0
128.2035920619965,0,0,1,0.08774185180664063,0,50,0,0,0
128.2893621921539,0,0,1,0.0857701301574707,0,50,0,0,0
128.3796870708466,0,0,1,0.09032487869262695,0,50,50,0,1
128.4695801734924,0,0,0,0.08989310264587402,0,0,50,0,1
128.5626561641693,50,0,0,0.09307599067687988,1,0,50,0,1
128.6533432006836,50,0,0,0.09068703651428223,1,0,50,0,1
128.7475290298462,50,0,0,0.09418582916259766,1,0,50,0,1
128.839292049408,50,0,0,0.09176301956176758,1,0,50,0,1
128.9376811981201,50,0,0,0.0983891487121582,1,0,50,0,1
129.0327410697937,50,0,0,0.09505987167358398,1,0,50,0,1
129.1220810413361,50,0,0,0.0893399715423584,1,0,50,0,1
129.2226941585541,50,0,0,0.1006131172180176,1,0,50,0,1
129.322231054306,0,0,0,0.09953689575195313,0,0,50,0,1
129.4101090431213,0,0,1,0.08787798881530762,0,50,50,0,1
129.5009820461273,0,0,1,0.09087300300598145,0,50,50,0,1
129.5935821533203,0,0,1,0.09260010719299316,0,50,50,0,1
129.6905601024628,0,0,1,0.09697794914245605,0,50,50,0,1
129.7833530902863,0,0,1,0.09279298782348633,0,50,50,0,1
129.8769791126251,0,0,1,0.09362602233886719,0,50,50,0,1
129.9705801010132,0,0,1,0.09360098838806152,0,50,50,0,1
130.0639300346375,0,0,1,0.09334993362426758,0,50,50,0,1
130.1609132289886,0,0,1,0.09698319435119629,0,50,50,0,1
130.2525691986084,0,0,0,0.09165596961975098,0,0,0,0,0
130.338926076889,0,0,0,0.08635687828063965,0,0,0,0,0
130.4174342155457,0,0,0,0.07850813865661621,0,0,0,0,0
130.5052921772003,0,0,0,0.08785796165466309,0,0,0,0,0
130.5910692214966,0,0,0,0.08577704429626465,0,0,0,0,0
130.6698100566864,0,0,0,0.07874083518981934,0,0,0,0,0
130.7589540481567,0,0,0,0.08914399147033691,0,0,0,0,0
130.8433811664581,0,0,0,0.0844271183013916,0,0,0,0,0
130.9305350780487,0,0,0,0.08715391159057617,0,0,0,0,0
131.0130460262299,0,0,0,0.08251094818115234,0,0,0,0,0
131.0988290309906,0,0,0,0.08578300476074219,0,0,0,0,0
131.1847550868988,0,0,0,0.08592605590820313,0,0,0,0,0
131.2688882350922,0,0,0,0.08413314819335938,0,0,0,0,0
131.354658126831,0,0,0,0.0857698917388916,0,0,0,0,0
131.4371140003204,0,0,0,0.08245587348937988,0,0,0,0,0
131.5193150043487,0,0,0,0.08220100402832031,0,0,0,0,0
131.6012082099915,0,0,0,0.0818932056427002,0,0,0,0,0
131.6871860027313,0,0,0,0.08597779273986816,0,0,0,0,0
131.7721111774445,0,0,0,0.08492517471313477,0,0,0,0,0
131.8536071777344,0,0,0,0.08149600028991699,0,0,0,0,0
131.9379711151123,0,0,0,0.08436393737792969,0,0,0,0,0
132.0190670490265,0,0,0,0.08109593391418457,0,0,0,0,0
